date,timetable,max,min,range
2009-09-28,09:00-18:30,9758,9582,176
2009-09-29,09:00-18:30,9775,9678,97
2009-09-30,09:00-18:30,9735,9544,191
2009-10-01,09:00-18:30,9674,9488,186
2009-10-02,09:00-18:30,9459,9336,123
2009-10-05,09:00-18:30,9506,9419,87
2009-10-06,09:00-18:30,9717,9542,175
2009-10-07,09:00-18:30,9702,9624,78
2009-10-08,09:00-18:30,9779,9692,87
2009-10-09,09:00-18:30,9777,9706,71
2009-10-12,09:00-18:30,9876,9806,70
2009-10-13,09:00-18:30,9848,9759,89
2009-10-14,09:00-18:30,9941,9881,60
2009-10-15,09:00-18:30,9973,9906,67
2009-10-16,09:00-18:30,10004,9884,120
2009-10-19,09:00-18:30,10054,9937,117
2009-10-20,09:00-18:30,10070,9936,134
2009-10-21,09:00-18:30,10068,9927,141
2009-10-22,09:00-18:30,9968,9861,107
2009-10-23,09:00-18:30,10068,9920,148
2009-10-26,09:00-18:30,10025,9793,232
2009-10-27,09:00-18:30,9899,9787,112
2009-10-28,09:00-18:30,9852,9760,92
2009-10-29,09:00-18:30,9855,9722,133
2009-10-30,09:00-18:30,9910,9702,208
2009-11-02,09:00-18:30,9812,9671,141
2009-11-03,09:00-18:30,9739,9627,112
2009-11-04,09:00-18:30,9879,9747,132
2009-11-05,09:00-18:30,9947,9722,225
2009-11-06,09:00-18:30,10007,9874,133
2009-11-09,09:00-18:30,10147,10031,116
2009-11-10,09:00-18:30,10227,10153,74
2009-11-11,09:00-18:30,10309,10217,92
2009-11-12,09:00-18:30,10289,10194,95
2009-11-13,09:00-18:30,10269,10158,111
2009-11-16,09:00-18:30,10384,10280,104
2009-11-17,09:00-18:30,10387,10332,55
2009-11-18,09:00-18:30,10422,10338,84
2009-11-19,09:00-18:30,10371,10233,138
2009-11-20,09:00-18:30,10330,10236,94
2009-11-23,09:00-18:30,10486,10362,124
2009-11-24,09:00-18:30,10441,10330,111
2009-11-25,09:00-18:30,10469,10402,67
2009-11-27,09:00-18:30,10397,10151,246
2009-11-30,09:00-18:30,10355,10251,104
2009-12-01,09:00-18:30,10410,10301,109
2009-12-03,09:00-18:30,10434,10337,97
2009-12-07,09:00-18:30,10372,10270,102
2009-12-08,09:00-18:30,10355,10180,175
2009-12-09,09:00-18:30,10266,10170,96
2009-12-10,09:00-18:30,10384,10245,139
2009-12-11,09:00-18:30,10410,10353,57
2009-12-14,09:00-18:30,10488,10412,76
2009-12-15,09:00-18:30,10447,10376,71
2009-12-16,09:00-18:30,10461,10409,52
2009-12-17,09:00-18:30,10374,10268,106
2009-12-18,09:00-18:30,10348,10201,147
2009-12-21,09:00-18:30,10398,10265,133
2009-12-22,09:00-18:30,10420,10354,66
2009-12-23,09:00-18:30,10450,10375,75
2009-12-24,09:00-18:30,10461,10409,52
2009-12-28,09:00-18:30,10494,10461,33
2009-12-29,09:00-18:30,10526,10481,45
2009-12-30,09:00-18:30,10494,10424,70
2009-12-31,09:00-18:30,10514,10426,88
2010-01-04,09:00-18:30,10541,10414,127
2010-01-05,09:00-18:30,10538,10455,83
2010-01-06,09:00-18:30,10544,10479,65
2010-01-07,09:00-18:30,10540,10451,89
2010-01-08,09:00-18:30,10579,10496,83
2010-01-11,09:00-18:30,10620,10537,83
2010-01-12,09:00-18:30,10600,10523,77
2010-01-13,09:00-18:30,10624,10561,63
2010-01-14,09:00-18:30,10662,10604,58
2010-01-15,09:00-18:30,10671,10519,152
2010-01-19,09:00-18:30,10661,10519,142
2010-01-20,09:00-18:30,10648,10468,180
2010-01-21,09:00-18:30,10578,10327,251
2010-01-22,09:00-18:30,10375,10251,124
2010-01-25,09:00-18:30,10249,10124,125
2010-01-26,09:00-18:30,10219,10078,141
2010-01-27,09:00-18:30,10168,10080,88
2010-01-28,09:00-18:30,10248,10005,243
2010-01-29,09:00-18:30,10192,10045,147
2010-02-01,09:00-18:30,10128,10039,89
2010-02-02,09:00-18:30,10223,10103,120
2010-02-03,09:00-18:30,10261,10187,74
2010-02-04,09:00-18:30,10228,9995,233
2010-02-05,09:00-18:30,9999,9874,125
2010-02-08,09:00-18:30,9995,9898,97
2010-02-09,09:00-18:30,10104,9925,179
2010-02-10,09:00-18:30,10057,9928,129
2010-02-11,09:00-18:30,10112,9940,172
2010-02-12,09:00-18:30,10122,9951,171
2010-02-16,09:00-18:30,10200,10079,121
2010-02-17,09:00-18:30,10300,10250,50
2010-02-18,09:00-18:30,10339,10245,94
2010-02-19,09:00-18:30,10421,10279,142
2010-02-22,09:00-18:30,10434,10355,79
2010-02-23,09:00-18:30,10414,10272,142
2010-02-24,09:00-18:30,10379,10269,110
2010-02-25,09:00-18:30,10344,10172,172
2010-02-26,09:00-18:30,10346,10258,88
2010-03-03,09:00-18:30,10395,10324,71
2010-03-08,09:00-18:30,10514,10473,41
2010-03-09,09:00-18:30,10532,10442,90
2010-03-11,09:00-18:30,10514,10444,70
2010-03-12,09:00-18:30,10594,10533,61
2010-03-15,09:00-18:30,10577,10508,69
2010-03-16,09:00-18:30,10622,10559,63
2010-03-17,09:00-18:30,10678,10634,44
2010-03-18,09:00-18:30,10708,10643,65
2010-03-19,09:00-18:30,10757,10646,111
2010-03-22,09:00-18:30,10735,10617,118
2010-03-23,09:00-18:30,10774,10717,57
2010-03-24,09:00-18:30,10824,10763,61
2010-03-25,09:00-18:30,10880,10788,92
2010-03-26,09:00-18:30,10847,10788,59
2010-03-29,09:00-18:30,10857,10808,49
2010-03-30,09:00-18:30,10879,10805,74
2010-03-31,09:00-18:30,10854,10771,83
2010-04-01,09:00-18:30,10899,10833,66
2010-04-05,09:00-18:30,10928,10835,93
2010-04-06,09:00-18:30,10912,10867,45
2010-04-07,09:00-18:30,10906,10842,64
2010-04-08,09:00-18:30,10866,10791,75
2010-04-09,09:00-18:30,10934,10880,54
2010-04-12,09:00-18:30,10980,10940,40
2010-04-13,09:00-18:30,10961,10892,69
2010-04-14,09:00-18:30,11029,10978,51
2010-04-15,09:00-18:30,11083,11028,55
2010-04-16,09:00-18:30,11100,10935,165
2010-04-19,09:00-18:30,11005,10918,87
2010-04-20,09:00-18:30,11092,11026,66
2010-04-21,09:00-18:30,11098,11037,61
2010-04-22,09:00-18:30,11089,10964,125
2010-04-23,09:00-18:30,11133,11037,96
2010-04-26,09:00-18:30,11206,11148,58
2010-04-27,09:00-18:30,11168,10968,200
2010-04-28,09:00-18:30,11020,10916,104
2010-04-29,09:00-18:30,11134,11008,126
2010-04-30,09:00-18:30,11158,11035,123
2010-05-03,09:00-18:30,11102,10963,139
2010-05-04,09:00-18:30,11102,10818,284
2010-05-05,09:00-18:30,10912,10774,138
2010-05-06,09:00-18:30,10865,10709,156
2010-05-07,09:00-18:30,10580,10202,378
2010-05-10,09:00-18:30,10794,10614,180
2010-05-11,09:00-18:30,10804,10622,182
2010-05-12,09:00-18:30,10843,10655,188
2010-05-13,09:00-18:30,10914,10801,113
2010-05-14,09:00-18:30,10786,10514,272
2010-05-17,09:00-18:30,10641,10411,230
2010-05-18,09:00-18:30,10698,10562,136
2010-05-19,09:00-18:30,10507,10307,200
2010-05-20,09:00-18:30,10440,10102,338
2010-05-21,09:00-18:30,10178,9886,292
2010-05-24,09:00-18:30,10182,10054,128
2010-05-25,09:00-18:30,9922,9757,165
2010-05-26,09:00-18:30,10160,10009,151
2010-05-27,09:00-18:30,10193,10051,142
2010-05-28,09:00-18:30,10277,10152,125
2010-06-01,09:00-18:30,10201,9972,229
2010-06-02,09:00-18:30,10143,10014,129
2010-06-03,09:00-18:30,10307,10164,143
2010-06-04,09:00-18:30,10287,9980,307
2010-06-07,09:00-18:30,9975,9870,105
2010-06-08,09:00-18:30,9893,9748,145
2010-06-09,09:00-18:30,10058,9869,189
2010-06-10,09:00-18:30,10086,9876,210
2010-06-11,09:00-18:30,10120,10012,108
2010-06-14,09:00-18:30,10270,10173,97
2010-06-15,09:00-18:30,10269,10132,137
2010-06-16,09:00-18:30,10354,10262,92
2010-06-17,09:00-18:30,10407,10258,149
2010-06-18,09:00-18:30,10423,10347,76
2010-06-21,09:00-18:30,10536,10447,89
2010-06-22,09:00-18:30,10434,10342,92
2010-06-23,09:00-18:30,10294,10166,128
2010-06-24,09:00-18:30,10252,10101,151
2010-06-25,09:00-18:30,10137,10020,117
2010-06-28,09:00-18:30,10144,10043,101
2010-06-29,09:00-18:30,10020,9794,226
2010-06-30,09:00-18:30,9869,9769,100
2010-07-01,09:00-18:30,9738,9561,177
2010-07-02,09:00-18:30,9753,9566,187
2010-07-06,09:00-18:30,9796,9571,225
2010-07-07,09:00-18:30,9841,9613,228
2010-07-08,09:00-18:30,10059,9951,108
2010-07-09,09:00-18:30,10128,10051,77
2010-07-12,09:00-18:30,10163,10077,86
2010-07-13,09:00-18:30,10336,10152,184
2010-07-14,09:00-18:30,10355,10266,89
2010-07-15,09:00-18:30,10365,10183,182
2010-07-16,09:00-18:30,10315,10087,228
2010-07-19,09:00-18:30,10120,10019,101
2010-07-20,09:00-18:30,10084,9946,138
2010-07-21,09:00-18:30,10231,10148,83
2010-07-22,09:00-18:30,10304,10063,241
2010-07-23,09:00-18:30,10326,10235,91
2010-07-26,09:00-18:30,10453,10356,97
2010-07-27,09:00-18:30,10531,10443,88
2010-07-28,09:00-18:30,10527,10448,79
2010-07-29,09:00-18:30,10538,10336,202
2010-07-30,09:00-18:30,10449,10286,163
2010-08-02,09:00-18:30,10622,10474,148
2010-08-03,09:00-18:30,10629,10550,79
2010-08-04,09:00-18:30,10660,10551,109
2010-08-05,09:00-18:30,10664,10569,95
2010-08-06,09:00-18:30,10685,10473,212
2010-08-09,09:00-18:30,10663,10608,55
2010-08-10,09:00-18:30,10629,10511,118
2010-08-11,09:00-18:30,10536,10367,169
2010-08-12,09:00-18:30,10367,10223,144
2010-08-13,09:00-18:30,10352,10222,130
2010-08-16,09:00-18:30,10312,10181,131
2010-08-17,09:00-18:30,10425,10281,144
2010-08-18,09:00-18:30,10392,10309,83
2010-08-19,09:00-18:30,10425,10196,229
2010-08-20,09:00-18:30,10272,10127,145
2010-08-23,09:00-18:30,10286,10172,114
2010-08-24,09:00-18:30,10117,9970,147
2010-08-25,09:00-18:30,10065,9914,151
2010-08-26,09:00-18:30,10106,10002,104
2010-08-27,09:00-18:30,10106,9920,186
2010-08-30,09:00-18:30,10164,10059,105
2010-08-31,09:00-18:30,10066,9920,146
2010-09-01,09:00-18:30,10267,10020,247
2010-09-02,09:00-18:30,10296,10232,64
2010-09-03,09:00-18:30,10445,10290,155
2010-09-07,09:00-18:30,10462,10339,123
2010-09-08,09:00-18:30,10421,10297,124
2010-09-09,09:00-18:30,10419,10305,114
2010-09-10,09:00-18:30,10386,10330,56
2010-09-13,09:00-18:30,10502,10420,82
2010-09-14,09:00-18:30,10523,10432,91
2010-09-15,09:00-18:30,10505,10405,100
2010-09-16,09:00-18:30,10508,10452,56
2010-09-17,09:00-18:30,10628,10497,131
2010-09-20,09:00-18:30,10656,10551,105
2010-09-21,09:00-18:30,10701,10637,64
2010-09-22,09:00-18:30,10736,10640,96
2010-09-23,09:00-18:30,10712,10575,137
2010-09-24,09:00-18:30,10792,10616,176
2010-09-27,09:00-18:30,10821,10756,65
2010-09-28,09:00-18:30,10792,10664,128
2010-09-29,09:00-18:30,10830,10737,93
2010-09-30,09:00-18:30,10887,10680,207
2010-10-01,09:00-18:30,10807,10718,89
2010-10-04,09:00-18:30,10792,10638,154
2010-10-05,09:00-18:30,10862,10695,167
2010-10-06,09:00-18:30,10916,10858,58
2010-10-07,09:00-18:30,10974,10858,116
2010-10-08,09:00-18:30,10961,10810,151
2010-10-11,09:00-18:30,10978,10937,41
2010-10-12,09:00-18:30,10940,10853,87
2010-10-13,09:00-18:30,11092,10975,117
2010-10-14,09:00-18:30,11099,10994,105
2010-10-15,09:00-18:30,11104,10953,151
2010-10-18,09:00-18:30,11075,10938,137
2010-10-19,09:00-18:30,11062,10921,141
2010-10-20,09:00-18:30,11092,10934,158
2010-10-21,09:00-18:30,11164,11039,125
2010-10-22,09:00-18:30,11123,11062,61
2010-10-25,09:00-18:30,11200,11117,83
2010-10-26,09:00-18:30,11130,11037,93
2010-10-27,09:00-18:30,11104,10970,134
2010-10-28,09:00-18:30,11137,11003,134
2010-10-29,09:00-18:30,11083,10996,87
2010-11-01,09:00-18:30,11196,11092,104
2010-11-02,09:00-18:30,11172,11091,81
2010-11-03,09:00-18:30,11175,11100,75
2010-11-04,09:00-18:30,11385,11171,214
2010-11-05,09:00-18:30,11431,11346,85
2010-11-08,09:00-18:30,11375,11321,54
2010-11-09,09:00-18:30,11400,11323,77
2010-11-10,09:00-18:30,11329,11221,108
2010-11-11,09:00-18:30,11292,11196,96
2010-11-12,09:00-18:30,11242,11106,136
2010-11-15,09:00-18:30,11240,11123,117
2010-11-16,09:00-18:30,11136,10956,180
2010-11-17,09:00-18:30,11028,10970,58
2010-11-18,09:00-18:30,11180,11049,131
2010-11-19,09:00-18:30,11183,11095,88
2010-11-22,09:00-18:30,11236,11052,184
2010-11-23,09:00-18:30,11121,10968,153
2010-11-24,09:00-18:30,11157,10985,172
2010-11-26,09:00-18:30,11189,11044,145
2010-11-29,09:00-18:30,11115,10916,199
2010-12-06,09:00-18:30,11329,11145,184
2010-12-07,09:00-18:30,11376,11310,66
2010-12-08,09:00-18:30,11321,11246,75
2010-12-09,09:00-18:30,11377,11265,112
2010-12-10,09:00-18:30,11332,11288,44
2010-12-13,09:00-18:30,11395,11334,61
2010-12-14,09:00-18:30,11438,11353,85
2010-12-15,09:00-18:30,11460,11367,93
2010-12-16,09:00-18:30,11437,11351,86
2010-12-17,09:00-18:30,11447,11388,59
2010-12-20,09:00-18:30,11472,11378,94
2010-12-21,09:00-18:30,11470,11434,36
2010-12-22,09:00-18:30,11503,11459,44
2010-12-23,09:00-18:30,11520,11479,41
2010-12-27,09:00-18:30,11499,11453,46
2010-12-28,09:00-18:30,11537,11470,67
2010-12-29,09:00-18:30,11558,11515,43
2010-12-30,09:00-18:30,11546,11491,55
2010-12-31,09:00-18:30,11534,11467,67
2011-01-03,09:00-18:30,11651,11570,81
2011-01-04,09:00-18:30,11638,11579,59
2011-01-05,09:00-18:30,11675,11543,132
2011-01-06,09:00-18:30,11708,11614,94
2011-01-07,09:00-18:30,11675,11582,93
2011-01-10,09:00-18:30,11599,11520,79
2011-01-11,09:00-18:30,11652,11592,60
2011-01-12,09:00-18:30,11729,11640,89
2011-01-13,09:00-18:30,11716,11664,52
2011-01-14,09:00-18:30,11713,11627,86
2011-01-18,09:00-18:30,11805,11688,117
2011-01-19,09:00-18:30,11826,11769,57
2011-01-20,09:00-18:30,11793,11694,99
2011-01-21,09:00-18:30,11857,11751,106
2011-01-24,09:00-18:30,11921,11808,113
2011-01-25,09:00-18:30,11945,11864,81
2011-01-26,09:00-18:30,11972,11913,59
2011-01-27,09:00-18:30,11971,11912,59
2011-01-28,09:00-18:30,11965,11763,202
2011-01-31,09:00-18:30,11841,11730,111
2011-02-01,09:00-18:30,11974,11848,126
2011-02-02,09:00-18:30,12006,11946,60
2011-02-03,09:00-18:30,12004,11933,71
2011-02-04,09:00-18:30,12053,11980,73
2011-02-07,09:00-18:30,12141,12037,104
2011-02-08,09:00-18:30,12164,12102,62
2011-02-09,09:00-18:30,12218,12167,51
2011-02-10,09:00-18:30,12194,12121,73
2011-02-11,09:00-18:30,12247,12130,117
2011-02-14,09:00-18:30,12264,12208,56
2011-02-15,09:00-18:30,12237,12173,64
2011-02-16,09:00-18:30,12283,12213,70
2011-02-17,09:00-18:30,12282,12224,58
2011-02-18,09:00-18:30,12355,12272,83
2011-02-22,09:00-18:30,12373,12233,140
2011-02-23,09:00-18:30,12236,12086,150
2011-02-24,09:00-18:30,12114,11998,116
2011-02-25,09:00-18:30,12129,12069,60
2011-02-28,09:00-18:30,12223,12083,140
2011-03-02,09:00-18:30,12220,11934,286
2011-03-08,09:00-18:30,12180,11998,182
2011-03-09,09:00-18:30,12188,12089,99
2011-03-10,09:00-18:30,12099,11919,180
2011-03-11,09:00-18:30,11965,11830,135
2011-03-14,09:00-18:30,11979,11841,138
2011-03-15,09:00-18:30,11779,11619,160
2011-03-16,09:00-18:30,11829,11596,233
2011-03-17,09:00-18:30,11725,11593,132
2011-03-18,09:00-18:30,11865,11764,101
2011-03-21,09:00-18:30,12015,11869,146
2011-03-22,09:00-18:30,11994,11940,54
2011-03-23,09:00-18:30,11994,11907,87
2011-03-24,09:00-18:30,12120,12003,117
2011-03-25,09:00-18:30,12196,12122,74
2011-03-28,09:00-18:30,12208,12155,53
2011-03-29,09:00-18:30,12205,12112,93
2011-03-30,09:00-18:30,12309,12250,59
2011-03-31,09:00-18:30,12320,12271,49
2011-04-01,09:00-18:30,12358,12274,84
2011-04-04,09:00-18:30,12346,12308,38
2011-04-05,09:00-18:30,12373,12288,85
2011-04-06,09:00-18:30,12405,12341,64
2011-04-07,09:00-18:30,12388,12273,115
2011-04-08,09:00-18:30,12406,12328,78
2011-04-11,09:00-18:30,12391,12328,63
2011-04-12,09:00-18:30,12277,12177,100
2011-04-13,09:00-18:30,12287,12196,91
2011-04-14,09:00-18:30,12211,12108,103
2011-04-15,09:00-18:30,12312,12186,126
2011-04-18,09:00-18:30,12275,12036,239
2011-04-19,09:00-18:30,12192,12122,70
2011-04-20,09:00-18:30,12423,12267,156
2011-04-21,09:00-18:30,12468,12389,79
2011-04-25,09:00-18:30,12469,12390,79
2011-04-26,09:00-18:30,12550,12412,138
2011-04-27,09:00-18:30,12579,12527,52
2011-04-28,09:00-18:30,12683,12609,74
2011-04-29,09:00-18:30,12781,12688,93
2011-05-02,09:00-18:30,12851,12752,99
2011-05-03,09:00-18:30,12790,12703,87
2011-05-04,09:00-18:30,12777,12622,155
2011-05-05,09:00-18:30,12718,12548,170
2011-05-06,09:00-18:30,12714,12554,160
2011-05-09,09:00-18:30,12675,12572,103
2011-05-10,09:00-18:30,12710,12612,98
2011-05-11,09:00-18:30,12740,12546,194
2011-05-12,09:00-18:30,12589,12504,85
2011-05-13,09:00-18:30,12713,12507,206
2011-05-16,09:00-18:30,12610,12491,119
2011-05-17,09:00-18:30,12562,12350,212
2011-05-18,09:00-18:30,12497,12422,75
2011-05-19,09:00-18:30,12616,12505,111
2011-05-20,09:00-18:30,12603,12466,137
2011-05-23,09:00-18:30,12409,12311,98
2011-05-24,09:00-18:30,12411,12336,75
2011-05-25,09:00-18:30,12390,12261,129
2011-05-26,09:00-18:30,12416,12300,116
2011-05-27,09:00-18:30,12474,12382,92
2011-05-31,09:00-18:30,12566,12432,134
2011-06-01,09:00-18:30,12572,12355,217
2011-06-02,09:00-18:30,12313,12178,135
2011-06-03,09:00-18:30,12222,12082,140
2011-06-06,09:00-18:30,12140,12079,61
2011-06-07,09:00-18:30,12160,12106,54
2011-06-08,09:00-18:30,12089,12005,84
2011-06-09,09:00-18:30,12104,11974,130
2011-06-10,09:00-18:30,12043,11883,160
2011-06-13,09:00-18:30,11942,11871,71
2011-06-14,09:00-18:30,12025,11930,95
2011-06-15,09:00-18:30,11984,11805,179
2011-06-16,09:00-18:30,11921,11767,154
2011-06-17,09:00-18:30,12006,11858,148
2011-06-20,09:00-18:30,12032,11851,181
2011-06-21,09:00-18:30,12128,12029,99
2011-06-22,09:00-18:30,12139,12045,94
2011-06-23,09:00-18:30,12013,11803,210
2011-06-24,09:00-18:30,12058,11859,199
2011-06-27,09:00-18:30,11984,11859,125
2011-06-28,09:00-18:30,12102,11954,148
2011-06-29,09:00-18:30,12215,12107,108
2011-06-30,09:00-18:30,12350,12227,123
2011-07-01,09:00-18:30,12490,12338,152
2011-07-05,09:00-18:30,12559,12484,75
2011-07-06,09:00-18:30,12564,12478,86
2011-07-07,09:00-18:30,12667,12582,85
2011-07-08,09:00-18:30,12722,12510,212
2011-07-11,09:00-18:30,12555,12421,134
2011-07-12,09:00-18:30,12488,12319,169
2011-07-13,09:00-18:30,12555,12430,125
2011-07-14,09:00-18:30,12528,12405,123
2011-07-15,09:00-18:30,12449,12349,100
2011-07-18,09:00-18:30,12403,12239,164
2011-07-19,09:00-18:30,12473,12365,108
2011-07-20,09:00-18:30,12578,12495,83
2011-07-21,09:00-18:30,12689,12464,225
2011-07-22,09:00-18:30,12749,12592,157
2011-07-25,09:00-18:30,12590,12481,109
2011-07-26,09:00-18:30,12603,12440,163
2011-07-27,09:00-18:30,12457,12303,154
2011-07-28,09:00-18:30,12333,12222,111
2011-07-29,09:00-18:30,12189,12029,160
2011-08-01,09:00-18:30,12273,11941,332
2011-08-02,09:00-18:30,12066,11947,119
2011-08-03,09:00-18:30,11884,11648,236
2011-08-04,09:00-18:30,11875,11471,404
2011-08-05,09:00-18:30,11546,11088,458
2011-08-08,09:00-18:30,11321,11011,310
2011-08-09,09:00-18:30,11056,10579,477
2011-08-10,09:00-18:30,11224,10730,494
2011-08-11,09:00-18:30,10996,10579,417
2011-08-12,09:00-18:30,11309,10892,417
2011-08-15,09:00-18:30,11405,11257,148
2011-08-16,09:00-18:30,11450,11276,174
2011-08-17,09:00-18:30,11508,11313,195
2011-08-18,09:00-18:30,11317,10856,461
2011-08-19,09:00-18:30,11065,10792,273
2011-08-22,09:00-18:30,11034,10770,264
2011-08-23,09:00-18:30,11055,10846,209
2011-08-24,09:00-18:30,11272,10998,274
2011-08-25,09:00-18:30,11380,11121,259
2011-08-26,09:00-18:30,11307,10909,398
2011-08-29,09:00-18:30,11465,11353,112
2011-08-30,09:00-18:30,11569,11415,154
2011-08-31,09:00-18:30,11700,11514,186
2011-09-01,09:00-18:30,11705,11534,171
2011-09-02,09:00-18:30,11518,11233,285
2011-09-06,09:00-18:30,11149,10921,228
2011-09-07,09:00-18:30,11329,11190,139
2011-09-08,09:00-18:30,11400,11242,158
2011-09-09,09:00-18:30,11277,10887,390
2011-09-12,09:00-18:30,10915,10695,220
2011-09-13,09:00-18:30,11064,10835,229
2011-09-14,09:00-18:30,11117,10896,221
2011-09-15,09:00-18:30,11326,11126,200
2011-09-16,09:00-18:30,11460,11299,161
2011-09-19,09:00-18:30,11325,11176,149
2011-09-20,09:00-18:30,11467,11262,205
2011-09-21,09:00-18:30,11395,11255,140
2011-09-22,09:00-18:30,10953,10602,351
2011-09-23,09:00-18:30,10775,10469,306
2011-09-26,09:00-18:30,10868,10573,295
2011-09-27,09:00-18:30,11261,11015,246
2011-09-28,09:00-18:30,11242,11084,158
2011-09-29,09:00-18:30,11199,11018,181
2011-09-30,09:00-18:30,11074,10917,157
2011-10-03,09:00-18:30,10907,10725,182
2011-10-04,09:00-18:30,10585,10328,257
2011-10-05,09:00-18:30,10818,10619,199
2011-10-06,09:00-18:30,10994,10787,207
2011-10-07,09:00-18:30,11178,11003,175
2011-10-10,09:00-18:30,11330,11140,190
2011-10-11,09:00-18:30,11383,11292,91
2011-10-12,09:00-18:30,11487,11296,191
2011-10-13,09:00-18:30,11476,11312,164
2011-10-14,09:00-18:30,11548,11373,175
2011-10-17,09:00-18:30,11658,11396,262
2011-10-18,09:00-18:30,11412,11219,193
2011-10-19,09:00-18:30,11571,11461,110
2011-10-20,09:00-18:30,11525,11330,195
2011-10-21,09:00-18:30,11715,11468,247
2011-10-24,09:00-18:30,11856,11744,112
2011-10-25,09:00-18:30,11882,11681,201
2011-10-26,09:00-18:30,11816,11632,184
2011-10-27,09:00-18:30,12138,11934,204
2011-10-28,09:00-18:30,12179,12092,87
2011-10-31,09:00-18:30,12112,11983,129
2011-11-01,09:00-18:30,11827,11574,253
2011-11-02,09:00-18:30,11818,11646,172
2011-11-03,09:00-18:30,11934,11592,342
2011-11-04,09:00-18:30,12008,11790,218
2011-11-07,09:00-18:30,11997,11786,211
2011-11-08,09:00-18:30,12107,11940,167
2011-11-09,09:00-18:30,12086,11806,280
2011-11-10,09:00-18:30,11888,11674,214
2011-11-11,09:00-18:30,12142,11848,294
2011-11-14,09:00-18:30,12179,12002,177
2011-11-15,09:00-18:30,12080,11916,164
2011-11-16,09:00-18:30,12081,11923,158
2011-11-17,09:00-18:30,11931,11771,160
2011-11-18,09:00-18:30,11859,11723,136
2011-11-21,09:00-18:30,11711,11420,291
2011-11-22,09:00-18:30,11583,11405,178
2011-11-23,09:00-18:30,11400,11251,149
2011-11-25,09:00-18:30,11349,11128,221
2011-11-28,09:00-18:30,11542,11340,202
2011-12-01,09:00-18:30,11974,11900,74
2011-12-06,09:00-18:30,12109,11992,117
2011-12-07,09:00-18:30,12150,11986,164
2011-12-08,09:00-18:30,12226,11973,253
2011-12-09,09:00-18:30,12111,11910,201
2011-12-12,09:00-18:30,12095,11864,231
2011-12-13,09:00-18:30,12075,11927,148
2011-12-14,09:00-18:30,11945,11747,198
2011-12-15,09:00-18:30,11897,11758,139
2011-12-16,09:00-18:30,11905,11783,122
2011-12-19,09:00-18:30,11857,11719,138
2011-12-20,09:00-18:30,11989,11728,261
2011-12-21,09:00-18:30,12158,11928,230
2011-12-22,09:00-18:30,12108,12024,84
2011-12-23,09:00-18:30,12189,12107,82
2011-12-28,09:00-18:30,12254,12083,171
2011-12-29,09:00-18:30,12198,12086,112
2011-12-30,09:00-18:30,12234,12182,52
2012-01-04,09:00-18:30,12351,12273,78
2012-01-05,09:00-18:30,12356,12219,137
2012-01-06,09:00-18:30,12408,12272,136
2012-01-09,09:00-18:30,12347,12272,75
2012-01-10,09:00-18:30,12463,12372,91
2012-01-11,09:00-18:30,12409,12338,71
2012-01-12,09:00-18:30,12465,12323,142
2012-01-13,09:00-18:30,12440,12248,192
2012-01-17,09:00-18:30,12514,12330,184
2012-01-18,09:00-18:30,12507,12397,110
2012-01-19,09:00-18:30,12563,12486,77
2012-01-20,09:00-18:30,12637,12553,84
2012-01-23,09:00-18:30,12709,12611,98
2012-01-24,09:00-18:30,12638,12561,77
2012-01-25,09:00-18:30,12649,12522,127
2012-01-26,09:00-18:30,12786,12656,130
2012-01-27,09:00-18:30,12720,12576,144
2012-01-30,09:00-18:30,12564,12476,88
2012-01-31,09:00-18:30,12683,12511,172
2012-02-01,09:00-18:30,12735,12573,162
2012-02-02,09:00-18:30,12701,12629,72
2012-02-03,09:00-18:30,12833,12647,186
2012-02-06,09:00-18:30,12787,12722,65
2012-02-07,09:00-18:30,12834,12729,105
2012-02-08,09:00-18:30,12870,12776,94
2012-02-09,09:00-18:30,12894,12804,90
2012-02-10,09:00-18:30,12804,12704,100
2012-02-13,09:00-18:30,12866,12783,83
2012-02-14,09:00-18:30,12857,12786,71
2012-02-15,09:00-18:30,12931,12811,120
2012-02-16,09:00-18:30,12876,12705,171
2012-02-17,09:00-18:30,12941,12860,81
2012-02-21,09:00-18:30,13009,12912,97
2012-02-22,09:00-18:30,12975,12891,84
2012-02-23,09:00-18:30,12975,12859,116
2012-02-24,09:00-18:30,13015,12950,65
2012-02-27,09:00-18:30,12996,12861,135
2012-03-05,09:00-18:30,12892,12798,94
2012-03-06,09:00-18:30,12845,12670,175
2012-03-07,09:00-18:30,12764,12678,86
2012-03-08,09:00-18:30,12879,12791,88
2012-03-09,09:00-18:30,12905,12795,110
2012-03-12,09:00-18:30,12891,12824,67
2012-03-13,09:00-18:30,13008,12921,87
2012-03-14,09:00-18:30,13154,13099,55
2012-03-15,09:00-18:30,13172,13107,65
2012-03-16,09:00-18:30,13224,13164,60
2012-03-19,09:00-18:30,13191,13123,68
2012-03-20,09:00-18:30,13164,13052,112
2012-03-21,09:00-18:30,13160,13042,118
2012-03-22,09:00-18:30,13070,12948,122
2012-03-23,09:00-18:30,13041,12932,109
2012-03-26,09:00-18:30,13150,13021,129
2012-03-27,09:00-18:30,13245,13152,93
2012-03-28,09:00-18:30,13177,13017,160
2012-03-29,09:00-18:30,13082,12965,117
2012-03-30,09:00-18:30,13142,13080,62
2012-04-02,09:00-18:30,13220,13082,138
2012-04-03,09:00-18:30,13200,13122,78
2012-04-04,09:00-18:30,13098,12951,147
2012-04-05,09:00-18:30,13034,12929,105
2012-04-09,09:00-18:30,13012,12831,181
2012-04-10,09:00-18:30,12899,12706,193
2012-04-11,09:00-18:30,12785,12694,91
2012-04-12,09:00-18:30,12903,12745,158
2012-04-13,09:00-18:30,12937,12813,124
2012-04-16,09:00-18:30,12914,12763,151
2012-04-17,09:00-18:30,13053,12824,229
2012-04-18,09:00-18:30,13048,12970,78
2012-04-19,09:00-18:30,13057,12911,146
2012-04-20,09:00-18:30,13025,12905,120
2012-04-23,09:00-18:30,12948,12786,162
2012-04-24,09:00-18:30,12995,12876,119
2012-04-25,09:00-18:30,13056,12975,81
2012-04-26,09:00-18:30,13099,12998,101
2012-04-27,09:00-18:30,13195,13088,107
2012-04-30,09:00-18:30,13194,13128,66
2012-05-01,09:00-18:30,13284,13105,179
2012-05-02,09:00-18:30,13252,13135,117
2012-05-03,09:00-18:30,13248,13157,91
2012-05-04,09:00-18:30,13168,12977,191
2012-05-07,09:00-18:30,12962,12839,123
2012-05-08,09:00-18:30,12935,12755,180
2012-05-09,09:00-18:30,12867,12700,167
2012-05-10,09:00-18:30,12892,12749,143
2012-05-11,09:00-18:30,12883,12738,145
2012-05-14,09:00-18:30,12755,12627,128
2012-05-15,09:00-18:30,12759,12623,136
2012-05-16,09:00-18:30,12704,12547,157
2012-05-17,09:00-18:30,12629,12473,156
2012-05-18,09:00-18:30,12480,12365,115
2012-05-21,09:00-18:30,12462,12353,109
2012-05-22,09:00-18:30,12553,12459,94
2012-05-23,09:00-18:30,12458,12286,172
2012-05-24,09:00-18:30,12522,12389,133
2012-05-25,09:00-18:30,12586,12456,130
2012-05-29,09:00-18:30,12599,12455,144
2012-05-30,09:00-18:30,12540,12389,151
2012-05-31,09:00-18:30,12449,12307,142
2012-06-01,09:00-18:30,12360,12146,214
2012-06-04,09:00-18:30,12132,12014,118
2012-06-05,09:00-18:30,12127,12034,93
2012-06-06,09:00-18:30,12339,12163,176
2012-06-07,09:00-18:30,12475,12335,140
2012-06-08,09:00-18:30,12409,12310,99
2012-06-11,09:00-18:30,12648,12416,232
2012-06-12,09:00-18:30,12455,12333,122
2012-06-13,09:00-18:30,12524,12427,97
2012-06-14,09:00-18:30,12549,12406,143
2012-06-15,09:00-18:30,12666,12610,56
2012-06-18,09:00-18:30,12754,12621,133
2012-06-19,09:00-18:30,12798,12657,141
2012-06-20,09:00-18:30,12791,12724,67
2012-06-21,09:00-18:30,12791,12580,211
2012-06-22,09:00-18:30,12592,12504,88
2012-06-25,09:00-18:30,12515,12387,128
2012-06-26,09:00-18:30,12484,12380,104
2012-06-27,09:00-18:30,12569,12460,109
2012-06-28,09:00-18:30,12561,12388,173
2012-06-29,09:00-18:30,12762,12631,131
2012-07-02,09:00-18:30,12850,12724,126
2012-07-03,09:00-18:30,12877,12753,124
2012-07-05,09:00-18:30,12917,12783,134
2012-07-06,09:00-18:30,12831,12640,191
2012-07-09,09:00-18:30,12703,12622,81
2012-07-10,09:00-18:30,12767,12634,133
2012-07-11,09:00-18:30,12651,12529,122
2012-07-12,09:00-18:30,12512,12425,87
2012-07-13,09:00-18:30,12700,12523,177
2012-07-16,09:00-18:30,12704,12624,80
2012-07-17,09:00-18:30,12737,12578,159
2012-07-18,09:00-18:30,12867,12686,181
2012-07-19,09:00-18:30,12936,12835,101
2012-07-20,09:00-18:30,12874,12773,101
2012-07-23,09:00-18:30,12698,12521,177
2012-07-24,09:00-18:30,12670,12484,186
2012-07-25,09:00-18:30,12668,12498,170
2012-07-26,09:00-18:30,12876,12584,292
2012-07-27,09:00-18:30,12946,12817,129
2012-07-30,09:00-18:30,13072,12983,89
2012-07-31,09:00-18:30,13056,12971,85
2012-08-01,09:00-18:30,13023,12960,63
2012-08-02,09:00-18:30,13030,12750,280
2012-08-03,09:00-18:30,13079,12844,235
2012-08-06,09:00-18:30,13133,13034,99
2012-08-07,09:00-18:30,13154,13067,87
2012-08-08,09:00-18:30,13156,13046,110
2012-08-09,09:00-18:30,13171,13082,89
2012-08-10,09:00-18:30,13117,13051,66
2012-08-13,09:00-18:30,13183,13073,110
2012-08-14,09:00-18:30,13191,13138,53
2012-08-15,09:00-18:30,13170,13099,71
2012-08-16,09:00-18:30,13214,13120,94
2012-08-17,09:00-18:30,13253,13213,40
2012-08-20,09:00-18:30,13261,13204,57
2012-08-21,09:00-18:30,13308,13236,72
2012-08-22,09:00-18:30,13195,13115,80
2012-08-23,09:00-18:30,13215,13049,166
2012-08-24,09:00-18:30,13132,13011,121
2012-08-27,09:00-18:30,13186,13103,83
2012-08-28,09:00-18:30,13135,13063,72
2012-08-29,09:00-18:30,13110,13065,45
2012-08-30,09:00-18:30,13063,12966,97
2012-08-31,09:00-18:30,13144,12988,156
2012-09-04,09:00-18:30,13113,12965,148
2012-09-05,09:00-18:30,13086,12982,104
2012-09-06,09:00-18:30,13287,13069,218
2012-09-07,09:00-18:30,13324,13268,56
2012-09-10,09:00-18:30,13318,13262,56
2012-09-11,09:00-18:30,13348,13249,99
2012-09-12,09:00-18:30,13376,13310,66
2012-09-13,09:00-18:30,13294,13248,46
2012-09-14,09:00-18:30,13576,13464,112
2012-09-17,09:00-18:30,13519,13480,39
2012-09-18,09:00-18:30,13511,13428,83
2012-09-19,09:00-18:30,13556,13486,70
2012-09-20,09:00-18:30,13505,13426,79
2012-09-21,09:00-18:30,13588,13536,52
2012-09-24,09:00-18:30,13494,13438,56
2012-09-25,09:00-18:30,13548,13481,67
2012-09-26,09:00-18:30,13420,13332,88
2012-09-27,09:00-18:30,13431,13343,88
2012-09-28,09:00-18:30,13424,13293,131
2012-10-01,09:00-18:30,13526,13340,186
2012-10-02,09:00-18:30,13499,13347,152
2012-10-03,09:00-18:30,13463,13360,103
2012-10-04,09:00-18:30,13525,13442,83
2012-10-05,09:00-18:30,13599,13489,110
2012-10-08,09:00-18:30,13529,13475,54
2012-10-09,09:00-18:30,13529,13408,121
2012-10-10,09:00-18:30,13416,13318,98
2012-10-11,09:00-18:30,13361,13259,102
2012-10-12,09:00-18:30,13334,13230,104
2012-10-15,09:00-18:30,13347,13257,90
2012-10-16,09:00-18:30,13484,13358,126
2012-10-17,09:00-18:30,13492,13437,55
2012-10-18,09:00-18:30,13530,13468,62
2012-10-19,09:00-18:30,13495,13305,190
2012-10-22,09:00-18:30,13308,13234,74
2012-10-23,09:00-18:30,13268,13021,247
2012-10-24,09:00-18:30,13096,13011,85
2012-10-25,09:00-18:30,13119,12974,145
2012-10-26,09:00-18:30,13069,12942,127
2012-10-31,09:00-18:30,13124,12954,170
2012-11-01,09:00-18:30,13212,12985,227
2012-11-02,09:00-18:30,13226,13106,120
2012-11-05,09:00-18:30,13039,12974,65
2012-11-06,09:00-18:30,13229,13045,184
2012-11-07,09:00-18:30,13238,12827,411
2012-11-08,09:00-18:30,12931,12830,101
2012-11-09,09:00-18:30,12838,12670,168
2012-11-12,09:00-18:30,12803,12732,71
2012-11-13,09:00-18:30,12855,12684,171
2012-11-14,09:00-18:30,12803,12628,175
2012-11-15,09:00-18:30,12581,12468,113
2012-11-16,09:00-18:30,12558,12434,124
2012-11-19,09:00-18:30,12734,12589,145
2012-11-20,09:00-18:30,12777,12696,81
2012-11-21,09:00-18:30,12802,12725,77
2012-11-23,09:00-18:30,12939,12801,138
2012-11-26,09:00-18:30,12944,12870,74
2012-11-27,09:00-18:30,12967,12881,86
2012-11-28,09:00-18:30,12920,12740,180
2012-11-29,09:00-18:30,13049,12943,106
2012-11-30,09:00-18:30,13056,12973,83
2012-12-03,09:00-18:30,13080,12971,109
2012-12-06,09:00-18:30,12989,12925,64
2012-12-10,09:00-18:30,13122,12966,156
2012-12-11,09:00-18:30,13232,13095,137
2012-12-12,09:00-18:30,13232,13181,51
2012-12-13,09:00-18:30,13203,13124,79
2012-12-14,09:00-18:30,13154,13075,79
2012-12-17,09:00-18:30,13168,13079,89
2012-12-18,09:00-18:30,13269,13170,99
2012-12-19,09:00-18:30,13318,13272,46
2012-12-20,09:00-18:30,13229,13160,69
2012-12-21,09:00-18:30,13165,13045,120
2012-12-24,09:00-18:30,13114,13063,51
2012-12-27,09:00-18:30,13079,12928,151
2012-12-28,09:00-18:30,13021,12917,104
2012-12-31,09:00-18:30,12895,12772,123
2013-01-03,09:00-18:30,13352,13291,61
2013-01-04,09:00-18:30,13354,13299,55
2013-01-07,09:00-18:30,13346,13272,74
2013-01-08,09:00-18:30,13320,13236,84
2013-01-09,09:00-18:30,13356,13273,83
2013-01-10,09:00-18:30,13389,13318,71
2013-01-11,09:00-18:30,13423,13377,46
2013-01-14,09:00-18:30,13455,13396,59
2013-01-15,09:00-18:30,13440,13378,62
2013-01-16,09:00-18:30,13459,13388,71
2013-01-17,09:00-18:30,13546,13419,127
2013-01-18,09:00-18:30,13558,13514,44
2013-01-22,09:00-18:30,13622,13531,91
2013-01-23,09:00-18:30,13724,13673,51
2013-01-24,09:00-18:30,13818,13703,115
2013-01-25,09:00-18:30,13829,13775,54
2013-01-28,09:00-18:30,13859,13803,56
2013-01-29,09:00-18:30,13886,13799,87
2013-01-30,09:00-18:30,13919,13868,51
2013-01-31,09:00-18:30,13886,13812,74
2013-02-01,09:00-18:30,13947,13839,108
2013-02-04,09:00-18:30,13949,13806,143
2013-02-05,09:00-18:30,13952,13847,105
2013-02-06,09:00-18:30,13955,13852,103
2013-02-07,09:00-18:30,13958,13802,156
2013-02-08,09:00-18:30,13975,13883,92
2013-02-11,09:00-18:30,13963,13891,72
2013-02-12,09:00-18:30,13968,13894,74
2013-02-13,09:00-18:30,14006,13927,79
2013-02-14,09:00-18:30,13965,13882,83
2013-02-15,09:00-18:30,13977,13918,59
2013-02-19,09:00-18:30,14023,13941,82
2013-02-20,09:00-18:30,14035,13966,69
2013-02-21,09:00-18:30,13894,13824,70
2013-02-22,09:00-18:30,13950,13889,61
2013-02-25,09:00-18:30,14064,13909,155
2013-02-26,09:00-18:30,13820,13740,80
2013-02-27,09:00-18:30,13942,13784,158
2013-02-28,09:00-18:30,14012,13961,51
2013-03-01,09:00-18:30,14017,13849,168
2013-03-04,09:00-18:30,13999,13948,51
2013-03-05,09:00-18:30,14205,14058,147
2013-03-06,09:00-18:30,14247,14190,57
2013-03-07,09:00-18:30,14280,14217,63
2013-03-08,09:00-18:30,14350,14266,84
2013-03-11,09:00-18:30,14361,14292,69
2013-03-12,09:00-18:30,14409,14347,62
2013-03-13,09:00-18:30,14397,14347,50
2013-03-14,09:00-18:30,14456,14399,57
2013-03-15,09:00-18:30,14476,14397,79
2013-03-18,09:00-18:30,14442,14274,168
2013-03-19,09:00-18:30,14443,14320,123
2013-03-20,09:00-18:30,14474,14390,84
2013-03-21,09:00-18:30,14441,14338,103
2013-03-22,09:00-18:30,14448,14334,114
2013-03-25,09:00-18:30,14517,14351,166
2013-03-26,09:00-18:30,14485,14394,91
2013-03-27,09:00-18:30,14495,14364,131
2013-03-28,09:00-18:30,14511,14416,95
2013-04-01,09:00-18:30,14533,14453,80
2013-04-02,09:00-18:30,14610,14498,112
2013-04-03,09:00-18:30,14606,14515,91
2013-04-04,09:00-18:30,14557,14472,85
2013-04-05,09:00-18:30,14520,14361,159
2013-04-08,09:00-18:30,14525,14432,93
2013-04-09,09:00-18:30,14585,14532,53
2013-04-10,09:00-18:30,14743,14617,126
2013-04-11,09:00-18:30,14817,14723,94
2013-04-12,09:00-18:30,14796,14726,70
2013-04-15,09:00-18:30,14769,14661,108
2013-04-16,09:00-18:30,14674,14548,126
2013-04-17,09:00-18:30,14685,14494,191
2013-04-18,09:00-18:30,14615,14471,144
2013-04-19,09:00-18:30,14505,14407,98
2013-04-22,09:00-18:30,14550,14394,156
2013-04-23,09:00-18:30,14661,14444,217
2013-04-24,09:00-18:30,14693,14623,70
2013-04-25,09:00-18:30,14702,14605,97
2013-04-26,09:00-18:30,14680,14597,83
2013-04-29,09:00-18:30,14749,14660,89
2013-04-30,09:00-18:30,14774,14673,101
2013-05-01,09:00-18:30,14793,14701,92
2013-05-02,09:00-18:30,14769,14656,113
2013-05-03,09:00-18:30,14953,14742,211
2013-05-06,09:00-18:30,14925,14881,44
2013-05-07,09:00-18:30,14967,14893,74
2013-05-08,09:00-18:30,15030,14960,70
2013-05-09,09:00-18:30,15088,15032,56
2013-05-10,09:00-18:30,15112,14998,114
2013-05-13,09:00-18:30,15070,15014,56
2013-05-14,09:00-18:30,15159,15013,146
2013-05-15,09:00-18:30,15263,15144,119
2013-05-16,09:00-18:30,15278,15207,71
2013-05-17,09:00-18:30,15284,15221,63
2013-05-20,09:00-18:30,15367,15290,77
2013-05-21,09:00-18:30,15377,15298,79
2013-05-22,09:00-18:30,15523,15359,164
2013-05-23,09:00-18:30,15319,15153,166
2013-05-24,09:00-18:30,15317,15181,136
2013-05-28,09:00-18:30,15508,15270,238
2013-05-29,09:00-18:30,15340,15209,131
2013-05-30,09:00-18:30,15380,15243,137
2013-05-31,09:00-18:30,15382,15203,179
2013-06-03,09:00-18:30,15212,15105,107
2013-06-04,09:00-18:30,15298,15198,100
2013-06-05,09:00-18:30,15181,14991,190
2013-06-06,09:00-18:30,15019,14836,183
2013-06-07,09:00-18:30,15242,14996,246
2013-06-10,09:00-18:30,15293,15201,92
2013-06-11,09:00-18:30,15247,15074,173
2013-06-12,09:00-18:30,15241,15025,216
2013-06-13,09:00-18:30,14991,14810,181
2013-06-14,09:00-18:30,15138,15005,133
2013-06-17,09:00-18:30,15196,15073,123
2013-06-18,09:00-18:30,15240,15118,122
2013-06-19,09:00-18:30,15275,15202,73
2013-06-20,09:00-18:30,15024,14781,243
2013-06-21,09:00-18:30,14801,14609,192
2013-06-24,09:00-18:30,14682,14474,208
2013-06-25,09:00-18:30,14717,14609,108
2013-06-26,09:00-18:30,14827,14649,178
2013-06-27,09:00-18:30,15003,14826,177
2013-06-28,09:00-18:30,15002,14807,195
2013-07-01,09:00-18:30,15012,14862,150
2013-07-02,09:00-18:30,14980,14859,121
2013-07-03,09:00-18:30,14957,14751,206
2013-07-05,09:00-18:30,15112,14895,217
2013-07-08,09:00-18:30,15200,15079,121
2013-07-09,09:00-18:30,15245,15180,65
2013-07-10,09:00-18:30,15261,15192,69
2013-07-11,09:00-18:30,15398,15330,68
2013-07-12,09:00-18:30,15433,15360,73
2013-07-15,09:00-18:30,15426,15384,42
2013-07-16,09:00-18:30,15433,15363,70
2013-07-17,09:00-18:30,15443,15345,98
2013-07-18,09:00-18:30,15533,15401,132
2013-07-19,09:00-18:30,15478,15435,43
2013-07-22,09:00-18:30,15525,15458,67
2013-07-23,09:00-18:30,15547,15486,61
2013-07-24,09:00-18:30,15564,15448,116
2013-07-25,09:00-18:30,15492,15398,94
2013-07-26,09:00-18:30,15522,15343,179
2013-07-29,09:00-18:30,15495,15422,73
2013-07-30,09:00-18:30,15537,15467,70
2013-07-31,09:00-18:30,15580,15459,121
2013-08-01,09:00-18:30,15595,15494,101
2013-08-02,09:00-18:30,15576,15496,80
2013-08-05,09:00-18:30,15597,15524,73
2013-08-06,09:00-18:30,15564,15414,150
2013-08-07,09:00-18:30,15435,15375,60
2013-08-08,09:00-18:30,15523,15371,152
2013-08-09,09:00-18:30,15472,15305,167
2013-08-12,09:00-18:30,15404,15290,114
2013-08-13,09:00-18:30,15454,15306,148
2013-08-14,09:00-18:30,15418,15317,101
2013-08-15,09:00-18:30,15295,15079,216
2013-08-16,09:00-18:30,15113,15052,61
2013-08-19,09:00-18:30,15078,15012,66
2013-08-20,09:00-18:30,15047,14963,84
2013-08-21,09:00-18:30,14984,14895,89
2013-08-22,09:00-18:30,14942,14846,96
2013-08-23,09:00-18:30,14974,14904,70
2013-08-26,09:00-18:30,15031,14954,77
2013-08-27,09:00-18:30,14938,14797,141
2013-08-28,09:00-18:30,14826,14740,86
2013-08-29,09:00-18:30,14901,14784,117
2013-08-30,09:00-18:30,14887,14759,128
2013-09-03,09:00-18:30,14923,14796,127
2013-09-04,09:00-18:30,14937,14782,155
2013-09-05,09:00-18:30,14972,14895,77
2013-09-06,09:00-18:30,14999,14776,223
2013-09-09,09:00-18:30,15043,14928,115
2013-09-10,09:00-18:30,15176,15066,110
2013-09-11,09:00-18:30,15278,15163,115
2013-09-12,09:00-18:30,15278,15215,63
2013-09-13,09:00-18:30,15319,15229,90
2013-09-16,09:00-18:30,15494,15429,65
2013-09-17,09:00-18:30,15485,15413,72
2013-09-18,09:00-18:30,15491,15406,85
2013-09-19,09:00-18:30,15658,15571,87
2013-09-20,09:00-18:30,15584,15480,104
2013-09-23,09:00-18:30,15455,15305,150
2013-09-24,09:00-18:30,15369,15273,96
2013-09-25,09:00-18:30,15306,15220,86
2013-09-26,09:00-18:30,15319,15213,106
2013-09-27,09:00-18:30,15273,15134,139
2013-09-30,09:00-18:30,15096,15001,95
2013-10-01,09:00-18:30,15135,15033,102
2013-10-02,09:00-18:30,15085,14968,117
2013-10-03,09:00-18:30,15031,14870,161
2013-10-04,09:00-18:30,14996,14895,101
2013-10-07,09:00-18:30,14938,14841,97
2013-10-08,09:00-18:30,14876,14766,110
2013-10-09,09:00-18:30,14768,14648,120
2013-10-10,09:00-18:30,14975,14764,211
2013-10-11,09:00-18:30,15154,15026,128
2013-10-14,09:00-18:30,15158,15053,105
2013-10-15,09:00-18:30,15263,15148,115
2013-10-16,09:00-18:30,15311,15131,180
2013-10-17,09:00-18:30,15271,15137,134
2013-10-18,09:00-18:30,15341,15260,81
2013-10-21,09:00-18:30,15349,15297,52
2013-10-22,09:00-18:30,15459,15307,152
2013-10-23,09:00-18:30,15375,15303,72
2013-10-24,09:00-18:30,15443,15379,64
2013-10-25,09:00-18:30,15499,15416,83
2013-10-28,09:00-18:30,15551,15468,83
2013-10-29,09:00-18:30,15598,15501,97
2013-10-30,09:00-18:30,15676,15587,89
2013-10-31,09:00-18:30,15572,15483,89
2013-11-01,09:00-18:30,15589,15481,108
2013-11-04,09:00-18:30,15610,15523,87
2013-11-05,09:00-18:30,15586,15456,130
2013-11-06,09:00-18:30,15679,15600,79
2013-11-07,09:00-18:30,15779,15613,166
2013-11-08,09:00-18:30,15648,15495,153
2013-11-11,09:00-18:30,15743,15679,64
2013-11-12,09:00-18:30,15743,15663,80
2013-11-13,09:00-18:30,15712,15613,99
2013-11-14,09:00-18:30,15847,15763,84
2013-11-15,09:00-18:30,15898,15837,61
2013-11-18,09:00-18:30,15994,15895,99
2013-11-19,09:00-18:30,15993,15916,77
2013-11-20,09:00-18:30,15989,15908,81
2013-11-21,09:00-18:30,15974,15848,126
2013-11-22,09:00-18:30,16014,15948,66
2013-11-25,09:00-18:30,16099,16034,65
2013-11-26,09:00-18:30,16084,16045,39
2013-11-27,09:00-18:30,16096,16059,37
2013-11-29,09:00-18:30,16162,16093,69
2013-12-02,09:00-18:30,16114,16015,99
2013-12-04,09:00-18:30,15888,15773,115
2013-12-05,09:00-18:30,15833,15750,83
2013-12-06,09:00-18:30,15967,15789,178
2013-12-09,09:00-18:30,15989,15943,46
2013-12-10,09:00-18:30,15980,15899,81
2013-12-11,09:00-18:30,15933,15796,137
2013-12-12,09:00-18:30,15799,15642,157
2013-12-13,09:00-18:30,15730,15659,71
2013-12-16,09:00-18:30,15879,15658,221
2013-12-17,09:00-18:30,15868,15776,92
2013-12-18,09:00-18:30,15883,15831,52
2013-12-19,09:00-18:30,16120,16037,83
2013-12-20,09:00-18:30,16218,16117,101
2013-12-23,09:00-18:30,16257,16205,52
2013-12-24,09:00-18:30,16293,16239,54
2013-12-27,09:00-18:30,16466,16396,70
2013-12-30,09:00-18:30,16445,16416,29
2013-12-31,09:00-18:30,16508,16436,72
2014-01-03,09:00-18:30,16449,16358,91
2014-01-06,09:00-18:30,16472,16336,136
2014-01-07,09:00-18:30,16496,16375,121
2014-01-08,09:00-18:30,16479,16358,121
2014-01-09,09:00-18:30,16470,16313,157
2014-01-10,09:00-18:30,16460,16317,143
2014-01-13,09:00-18:30,16393,16321,72
2014-01-14,09:00-18:30,16292,16182,110
2014-01-15,09:00-18:30,16444,16297,147
2014-01-16,09:00-18:30,16408,16312,96
2014-01-17,09:00-18:30,16425,16331,94
2014-01-21,09:00-18:30,16489,16253,236
2014-01-22,09:00-18:30,16367,16274,93
2014-01-23,09:00-18:30,16290,16113,177
2014-01-24,09:00-18:30,16149,15926,223
2014-01-27,09:00-18:30,15887,15722,165
2014-01-28,09:00-18:30,15886,15796,90
2014-01-29,09:00-18:30,15973,15689,284
2014-01-30,09:00-18:30,15833,15696,137
2014-01-31,09:00-18:30,15727,15550,177
2014-02-03,09:00-18:30,15682,15371,311
2014-02-04,09:00-18:30,15409,15292,117
2014-02-05,09:00-18:30,15411,15276,135
2014-02-06,09:00-18:30,15553,15379,174
2014-02-07,09:00-18:30,15675,15471,204
2014-02-10,09:00-18:30,15740,15675,65
2014-02-11,09:00-18:30,15893,15749,144
2014-02-12,09:00-18:30,16008,15897,111
2014-02-13,09:00-18:30,15975,15822,153
2014-02-14,09:00-18:30,16083,15938,145
2014-02-18,09:00-18:30,16189,16077,112
2014-02-19,09:00-18:30,16201,16047,154
2014-02-20,09:00-18:30,16115,15951,164
2014-02-21,09:00-18:30,16171,16091,80
2014-02-24,09:00-18:30,16281,16076,205
2014-02-25,09:00-18:30,16235,16122,113
2014-02-26,09:00-18:30,16244,16138,106
2014-02-27,09:00-18:30,16239,16102,137
2014-02-28,09:00-18:30,16381,16231,150
2014-03-03,09:00-18:30,16220,16058,162
2014-03-04,09:00-18:30,16388,16245,143
2014-03-05,09:00-18:30,16405,16336,69
2014-03-06,09:00-18:30,16439,16367,72
2014-03-07,09:00-18:30,16508,16401,107
2014-03-10,09:00-18:30,16459,16326,133
2014-03-11,09:00-18:30,16458,16353,105
2014-03-12,09:00-18:30,16366,16256,110
2014-03-13,09:00-18:30,16342,16145,197
2014-03-14,09:00-18:30,16099,15981,118
2014-03-17,09:00-18:30,16207,16000,207
2014-03-18,09:00-18:30,16303,16130,173
2014-03-19,09:00-18:30,16294,16243,51
2014-03-20,09:00-18:30,16269,16077,192
2014-03-21,09:00-18:30,16378,16281,97
2014-03-24,09:00-18:30,16303,16144,159
2014-03-25,09:00-18:30,16331,16193,138
2014-03-26,09:00-18:30,16392,16293,99
2014-03-27,09:00-18:30,16229,16112,117
2014-03-28,09:00-18:30,16341,16193,148
2014-03-31,09:00-18:30,16404,16281,123
2014-04-01,09:00-18:30,16488,16381,107
2014-04-02,09:00-18:30,16494,16431,63
2014-04-03,09:00-18:30,16531,16470,61
2014-04-04,09:00-18:30,16574,16428,146
2014-04-07,09:00-18:30,16349,16191,158
2014-04-08,09:00-18:30,16222,16107,115
2014-04-09,09:00-18:30,16274,16183,91
2014-04-10,09:00-18:30,16384,16211,173
2014-04-11,09:00-18:30,16147,15968,179
2014-04-14,09:00-18:30,16089,15935,154
2014-04-15,09:00-18:30,16197,16003,194
2014-04-16,09:00-18:30,16329,16244,85
2014-04-17,09:00-18:30,16370,16281,89
2014-04-21,09:00-18:30,16392,16334,58
2014-04-22,09:00-18:30,16493,16349,144
2014-04-23,09:00-18:30,16474,16411,63
2014-04-24,09:00-18:30,16513,16384,129
2014-04-25,09:00-18:30,16414,16271,143
2014-04-28,09:00-18:30,16436,16325,111
2014-04-29,09:00-18:30,16483,16414,69
2014-04-30,09:00-18:30,16502,16435,67
2014-05-01,09:00-18:30,16537,16461,76
2014-05-02,09:00-18:30,16550,16449,101
2014-05-05,09:00-18:30,16457,16307,150
2014-05-06,09:00-18:30,16489,16359,130
2014-05-07,09:00-18:30,16469,16305,164
2014-05-08,09:00-18:30,16569,16442,127
2014-05-09,09:00-18:30,16520,16451,69
2014-05-12,09:00-18:30,16647,16542,105
2014-05-13,09:00-18:30,16694,16660,34
2014-05-14,09:00-18:30,16687,16615,72
2014-05-15,09:00-18:30,16619,16378,241
2014-05-16,09:00-18:30,16440,16377,63
2014-05-19,09:00-18:30,16497,16387,110
2014-05-20,09:00-18:30,16505,16371,134
2014-05-21,09:00-18:30,16507,16332,175
2014-05-22,09:00-18:30,16546,16467,79
2014-05-23,09:00-18:30,16583,16522,61
2014-05-26,09:00-18:30,16650,16610,40
2014-05-27,09:00-18:30,16666,16618,48
2014-05-28,09:00-18:30,16691,16601,90
2014-05-29,09:00-18:30,16663,16608,55
2014-05-30,09:00-18:30,16682,16635,47
2014-06-02,09:00-18:30,16737,16669,68
2014-06-03,09:00-18:30,16719,16678,41
2014-06-04,09:00-18:30,16723,16662,61
2014-06-05,09:00-18:30,16832,16696,136
2014-06-06,09:00-18:30,16903,16835,68
2014-06-09,09:00-18:30,16962,16910,52
2014-06-10,09:00-18:30,16934,16889,45
2014-06-11,09:00-18:30,16930,16838,92
2014-06-12,09:00-18:30,16805,16703,102
2014-06-13,09:00-18:30,16719,16640,79
2014-06-16,09:00-18:30,16725,16646,79
2014-06-17,09:00-18:30,16760,16654,106
2014-06-18,09:00-18:30,16740,16673,67
2014-06-19,09:00-18:30,16845,16787,58
2014-06-20,09:00-18:30,16895,16815,80
2014-06-23,09:00-18:30,16885,16808,77
2014-06-24,09:00-18:30,16885,16801,84
2014-06-25,09:00-18:30,16803,16699,104
2014-06-26,09:00-18:30,16800,16659,141
2014-06-27,09:00-18:30,16762,16710,52
2014-06-30,09:00-18:30,16787,16717,70
2014-07-01,09:00-18:30,16890,16761,129
2014-07-02,09:00-18:30,16911,16873,38
2014-07-03,09:00-18:30,16994,16887,107
2014-07-04,09:00-18:30,16978,16964,14
2014-07-07,09:00-18:30,16963,16908,55
2014-07-08,09:00-18:30,16947,16796,151
2014-07-09,09:00-18:30,16894,16838,56
2014-07-10,09:00-18:30,16898,16722,176
2014-07-11,09:00-18:30,16893,16786,107
2014-07-14,09:00-18:30,17017,16893,124
2014-07-15,09:00-18:30,17045,16932,113
2014-07-16,09:00-18:30,17069,17001,68
2014-07-17,09:00-18:30,17085,16978,107
2014-07-18,09:00-18:30,17026,16897,129
2014-07-21,09:00-18:30,17020,16908,112
2014-07-22,09:00-18:30,17069,16997,72
2014-07-23,09:00-18:30,17067,16992,75
2014-07-24,09:00-18:30,17063,16989,74
2014-07-25,09:00-18:30,17005,16846,159
2014-07-28,09:00-18:30,16911,16808,103
2014-07-29,09:00-18:30,16993,16881,112
2014-07-30,09:00-18:30,16926,16751,175
2014-07-31,09:00-18:30,16809,16576,233
2014-08-01,09:00-18:30,16537,16370,167
2014-08-04,09:00-18:30,16481,16378,103
2014-08-05,09:00-18:30,16500,16406,94
2014-08-06,09:00-18:30,16442,16272,170
2014-08-07,09:00-18:30,16459,16311,148
2014-08-08,09:00-18:30,16403,16208,195
2014-08-11,09:00-18:30,16581,16499,82
2014-08-12,09:00-18:30,16560,16465,95
2014-08-13,09:00-18:30,16630,16540,90
2014-08-14,09:00-18:30,16658,16597,61
2014-08-15,09:00-18:30,16742,16537,205
2014-08-18,09:00-18:30,16805,16689,116
2014-08-19,09:00-18:30,16885,16822,63
2014-08-20,09:00-18:30,16934,16855,79
2014-08-21,09:00-18:30,17037,16939,98
2014-08-22,09:00-18:30,17046,16962,84
2014-08-25,09:00-18:30,17103,17032,71
2014-08-26,09:00-18:30,17132,17037,95
2014-08-27,09:00-18:30,17119,17072,47
2014-08-28,09:00-18:30,17091,17007,84
2014-08-29,09:00-18:30,17134,17022,112
2014-09-01,09:00-18:30,17089,17054,35
2014-09-02,09:00-18:30,17130,17040,90
2014-09-03,09:00-18:30,17154,17070,84
2014-09-04,09:00-18:30,17154,17055,99
2014-09-05,09:00-18:30,17085,16997,88
2014-09-08,09:00-18:30,17130,17076,54
2014-09-09,09:00-18:30,17122,17000,122
2014-09-10,09:00-18:30,17057,16967,90
2014-09-11,09:00-18:30,16972,16890,82
2014-09-12,09:00-18:30,16971,16884,87
2014-09-15,09:00-18:30,16930,16856,74
2014-09-16,09:00-18:30,17057,16890,167
2014-09-17,09:00-18:30,17089,17037,52
2014-09-18,09:00-18:30,17170,17070,100
2014-09-19,09:00-18:30,17265,17194,71
2014-09-22,09:00-18:30,17191,17111,80
2014-09-23,09:00-18:30,17103,17024,79
2014-09-24,09:00-18:30,17070,16953,117
2014-09-25,09:00-18:30,17149,16875,274
2014-09-26,09:00-18:30,16969,16880,89
2014-09-29,09:00-18:30,16993,16848,145
2014-09-30,09:00-18:30,17063,16932,131
2014-10-01,09:00-18:30,16984,16764,220
2014-10-02,09:00-18:30,16760,16589,171
2014-10-03,09:00-18:30,16902,16764,138
2014-10-06,09:00-18:30,17020,16873,147
2014-10-07,09:00-18:30,16886,16741,145
2014-10-08,09:00-18:30,16694,16582,112
2014-10-09,09:00-18:30,16949,16608,341
2014-10-10,09:00-18:30,16676,16478,198
2014-10-13,09:00-18:30,16518,16379,139
2014-10-14,09:00-18:30,16385,16216,169
2014-10-15,09:00-18:30,16300,15903,397
2014-10-16,09:00-18:30,16086,15785,301
2014-10-17,09:00-18:30,16345,16040,305
2014-10-20,09:00-18:30,16380,16163,217
2014-10-21,09:00-18:30,16498,16209,289
2014-10-22,09:00-18:30,16579,16502,77
2014-10-23,09:00-18:30,16666,16403,263
2014-10-24,09:00-18:30,16716,16557,159
2014-10-27,09:00-18:30,16797,16652,145
2014-10-28,09:00-18:30,16842,16771,71
2014-10-29,09:00-18:30,16992,16903,89
2014-10-30,09:00-18:30,17060,16831,229
2014-10-31,09:00-18:30,17331,17240,91
2014-11-03,09:00-18:30,17335,17267,68
2014-11-04,09:00-18:30,17323,17208,115
2014-11-05,09:00-18:30,17426,17333,93
2014-11-06,09:00-18:30,17504,17375,129
2014-11-07,09:00-18:30,17545,17437,108
2014-11-10,09:00-18:30,17565,17479,86
2014-11-11,09:00-18:30,17586,17531,55
2014-11-12,09:00-18:30,17572,17483,89
2014-11-13,09:00-18:30,17661,17577,84
2014-11-14,09:00-18:30,17637,17581,56
2014-11-17,09:00-18:30,17625,17523,102
2014-11-18,09:00-18:30,17661,17600,61
2014-11-19,09:00-18:30,17660,17591,69
2014-11-20,09:00-18:30,17674,17558,116
2014-11-21,09:00-18:30,17870,17716,154
2014-11-24,09:00-18:30,17832,17774,58
2014-11-25,09:00-18:30,17834,17763,71
2014-11-26,09:00-18:30,17847,17773,74
2014-11-27,09:00-18:30,17844,17786,58
2014-11-28,09:00-18:30,17877,17759,118
2014-12-01,09:00-18:30,17800,17701,99
2014-12-02,09:00-18:30,17768,17716,52
2014-12-04,09:00-18:30,17852,17731,121
2014-12-05,09:00-18:30,17908,17814,94
2014-12-08,09:00-18:30,17879,17818,61
2014-12-09,09:00-18:30,17742,17553,189
2014-12-10,09:00-18:30,17731,17557,174
2014-12-11,09:00-18:30,17698,17477,221
2014-12-12,09:00-18:30,17506,17295,211
2014-12-15,09:00-18:30,17344,17051,293
2014-12-16,09:00-18:30,17367,16974,393
2014-12-17,09:00-18:30,17188,17027,161
2014-12-18,09:00-18:30,17573,17349,224
2014-12-19,09:00-18:30,17818,17686,132
2014-12-22,09:00-18:30,17887,17768,119
2014-12-23,09:00-18:30,18001,17897,104
2014-12-24,09:00-18:30,18031,17981,50
2014-12-26,09:00-18:30,18051,18012,39
2014-12-29,09:00-18:30,18026,17941,85
2014-12-30,09:00-18:30,17971,17903,68
2014-12-31,09:00-18:30,17979,17865,114
2015-01-02,09:00-18:30,17879,17695,184
2015-01-05,09:00-18:30,17746,17452,294
2015-01-06,09:00-18:30,17502,17213,289
2015-01-07,09:00-18:30,17523,17309,214
2015-01-08,09:00-18:30,17822,17603,219
2015-01-09,09:00-18:30,17864,17612,252
2015-01-12,09:00-18:30,17753,17491,262
2015-01-13,09:00-18:30,17854,17548,306
2015-01-14,09:00-18:30,17568,17247,321
2015-01-15,09:00-18:30,17513,17190,323
2015-01-16,09:00-18:30,17339,17154,185
2015-01-19,09:00-18:30,17487,17345,142
2015-01-20,09:00-18:30,17536,17271,265
2015-01-21,09:00-18:30,17535,17325,210
2015-01-22,09:00-18:30,17669,17410,259
2015-01-23,09:00-18:30,17795,17653,142
2015-01-26,09:00-18:30,17624,17495,129
2015-01-27,09:00-18:30,17611,17215,396
2015-01-28,09:00-18:30,17449,17288,161
2015-01-29,09:00-18:30,17207,17062,145
2015-01-30,09:00-18:30,17370,17163,207
2015-02-02,09:00-18:30,17195,16962,233
2015-02-03,09:00-18:30,17495,17264,231
2015-02-04,09:00-18:30,17674,17513,161
2015-02-05,09:00-18:30,17783,17552,231
2015-02-06,09:00-18:30,17893,17783,110
2015-02-09,09:00-18:30,17749,17657,92
2015-02-10,09:00-18:30,17814,17658,156
2015-02-11,09:00-18:30,17814,17742,72
2015-02-12,09:00-18:30,17935,17817,118
2015-02-13,09:00-18:30,18009,17941,68
2015-02-16,09:00-18:30,18001,17932,69
2015-02-17,09:00-18:30,17992,17893,99
2015-02-18,09:00-18:30,18028,17953,75
2015-02-19,09:00-18:30,18038,17896,142
2015-02-20,09:00-18:30,17998,17853,145
2015-02-23,09:00-18:30,18095,18034,61
2015-02-24,09:00-18:30,18189,18079,110
2015-02-25,09:00-18:30,18205,18159,46
2015-02-26,09:00-18:30,18228,18164,64
2015-02-27,09:00-18:30,18202,18150,52
2015-03-02,09:00-18:30,18248,18123,125
2015-03-03,09:00-18:30,18246,18120,126
2015-03-04,09:00-18:30,18174,18013,161
2015-03-05,09:00-18:30,18148,18078,70
2015-03-06,09:00-18:30,18155,17881,274
2015-03-09,09:00-18:30,17981,17817,164
2015-03-10,09:00-18:30,17941,17711,230
2015-03-11,09:00-18:30,17734,17657,77
2015-03-12,09:00-18:30,17771,17594,177
2015-03-13,09:00-18:30,17825,17547,278
2015-03-16,09:00-18:30,17892,17670,222
2015-03-17,09:00-18:30,17877,17701,176
2015-03-18,09:00-18:30,17807,17633,174
2015-03-19,09:00-18:30,18032,17847,185
2015-03-20,09:00-18:30,18079,17934,145
2015-03-23,09:00-18:30,18120,17981,139
2015-03-24,09:00-18:30,18078,17973,105
2015-03-25,09:00-18:30,17967,17718,249
2015-03-26,09:00-18:30,17642,17465,177
2015-03-27,09:00-18:30,17641,17535,106
2015-03-30,09:00-18:30,17917,17671,246
2015-03-31,09:00-18:30,17859,17752,107
2015-04-01,09:00-18:30,17728,17494,234
2015-04-02,09:00-18:30,17731,17552,179
2015-04-06,09:00-18:30,17843,17495,348
2015-04-07,09:00-18:30,17901,17795,106
2015-04-08,09:00-18:30,17898,17774,124
2015-04-09,09:00-18:30,17888,17738,150
2015-04-10,09:00-18:30,17977,17860,117
2015-04-13,09:00-18:30,18029,17921,108
2015-04-14,09:00-18:30,17962,17822,140
2015-04-15,09:00-18:30,18067,17935,132
2015-04-16,09:00-18:30,18043,17948,95
2015-04-17,09:00-18:30,18033,17740,293
2015-04-20,09:00-18:30,18016,17831,185
2015-04-21,09:00-18:30,18072,17873,199
2015-04-22,09:00-18:30,17948,17774,174
2015-04-23,09:00-18:30,18027,17824,203
2015-04-24,09:00-18:30,18037,17932,105
2015-04-27,09:00-18:30,18111,17982,129
2015-04-28,09:00-18:30,18036,17839,197
2015-04-29,09:00-18:30,18067,17892,175
2015-04-30,09:00-18:30,17956,17814,142
2015-05-01,09:00-18:30,17924,17808,116
2015-05-04,09:00-18:30,18057,17909,148
2015-05-05,09:00-18:30,18023,17877,146
2015-05-06,09:00-18:30,17974,17719,255
2015-05-07,09:00-18:30,17914,17629,285
2015-05-08,09:00-18:30,18155,17900,255
2015-05-11,09:00-18:30,18152,18075,77
2015-05-12,09:00-18:30,18044,17871,173
2015-05-13,09:00-18:30,18119,17998,121
2015-05-14,09:00-18:30,18204,17987,217
2015-05-15,09:00-18:30,18250,18177,73
2015-05-18,09:00-18:30,18263,18186,77
2015-05-19,09:00-18:30,18334,18227,107
2015-05-20,09:00-18:30,18315,18250,65
2015-05-21,09:00-18:30,18293,18217,76
2015-05-22,09:00-18:30,18284,18191,93
2015-05-25,09:00-18:30,18254,18181,73
2015-05-26,09:00-18:30,18231,17998,233
2015-05-27,09:00-18:30,18142,18032,110
2015-05-28,09:00-18:30,18129,18052,77
2015-05-29,09:00-18:30,18134,17951,183
2015-06-01,09:00-18:30,18105,17967,138
2015-06-02,09:00-18:30,18068,17905,163
2015-06-03,09:00-18:30,18163,17997,166
2015-06-04,09:00-18:30,18082,17926,156
2015-06-05,09:00-18:30,17953,17808,145
2015-06-08,09:00-18:30,17860,17785,75
2015-06-09,09:00-18:30,17797,17693,104
2015-06-10,09:00-18:30,18038,17766,272
2015-06-11,09:00-18:30,18030,17913,117
2015-06-12,09:00-18:30,17962,17770,192
2015-06-15,09:00-18:30,17786,17608,178
2015-06-16,09:00-18:30,17808,17603,205
2015-06-17,09:00-18:30,17894,17797,97
2015-06-18,09:00-18:30,18080,17803,277
2015-06-19,09:00-18:30,18076,17973,103
2015-06-22,09:00-18:30,18102,18014,88
2015-06-23,09:00-18:30,18108,18024,84
2015-06-24,09:00-18:30,18071,17948,123
2015-06-25,09:00-18:30,17997,17870,127
2015-06-26,09:00-18:30,17924,17787,137
2015-06-29,09:00-18:30,17757,17614,143
2015-06-30,09:00-18:30,17646,17482,164
2015-07-01,09:00-18:30,17714,17581,133
2015-07-02,09:00-18:30,17737,17605,132
2015-07-03,09:00-18:30,17664,17591,73
2015-07-06,09:00-18:30,17642,17459,183
2015-07-07,09:00-18:30,17726,17371,355
2015-07-08,09:00-18:30,17592,17435,157
2015-07-09,09:00-18:30,17678,17527,151
2015-07-10,09:00-18:30,17697,17579,118
2015-07-13,09:00-18:30,17884,17692,192
2015-07-14,09:00-18:30,17963,17865,98
2015-07-15,09:00-18:30,18007,17934,73
2015-07-16,09:00-18:30,18075,17983,92
2015-07-17,09:00-18:30,18024,17952,72
2015-07-20,09:00-18:30,18047,17981,66
2015-07-21,09:00-18:30,18020,17808,212
2015-07-22,09:00-18:30,17837,17743,94
2015-07-23,09:00-18:30,17830,17666,164
2015-07-24,09:00-18:30,17711,17551,160
2015-07-27,09:00-18:30,17530,17319,211
2015-07-28,09:00-18:30,17497,17371,126
2015-07-29,09:00-18:30,17667,17548,119
2015-07-30,09:00-18:30,17700,17555,145
2015-07-31,09:00-18:30,17721,17594,127
2015-08-03,09:00-18:30,17658,17501,157
2015-08-04,09:00-18:30,17557,17456,101
2015-08-05,09:00-18:30,17595,17445,150
2015-08-06,09:00-18:30,17513,17320,193
2015-08-07,09:00-18:30,17393,17229,164
2015-08-10,09:00-18:30,17546,17313,233
2015-08-11,09:00-18:30,17511,17308,203
2015-08-12,09:00-18:30,17246,17079,167
2015-08-13,09:00-18:30,17431,17291,140
2015-08-14,09:00-18:30,17415,17321,94
2015-08-17,09:00-18:30,17489,17297,192
2015-08-18,09:00-18:30,17531,17435,96
2015-08-19,09:00-18:30,17463,17248,215
2015-08-20,09:00-18:30,17280,17064,216
2015-08-21,09:00-18:30,16917,16622,295
2015-08-24,09:00-18:30,16293,15285,1008
2015-08-25,09:00-18:30,16341,15939,402
2015-08-26,09:00-18:30,16118,15763,355
2015-08-27,09:00-18:30,16584,16287,297
2015-08-28,09:00-18:30,16649,16465,184
2015-08-31,09:00-18:30,16606,16418,188
2015-09-01,09:00-18:30,16304,16057,247
2015-09-02,09:00-18:30,16301,16114,187
2015-09-03,09:00-18:30,16536,16329,207
2015-09-04,09:00-18:30,16288,16048,240
2015-09-07,09:00-18:30,16269,16151,118
2015-09-08,09:00-18:30,16434,16286,148
2015-09-09,09:00-18:30,16688,16461,227
2015-09-10,09:00-18:30,16360,16055,305
2015-09-11,09:00-18:30,16297,16113,184
2015-09-14,09:00-18:30,16394,16225,169
2015-09-15,09:00-18:30,16450,16205,245
2015-09-16,09:00-18:30,16605,16484,121
2015-09-17,09:00-18:30,16666,16598,68
2015-09-18,09:00-18:30,16601,16274,327
2015-09-21,09:00-18:30,16476,16254,222
2015-09-22,09:00-18:30,16422,16123,299
2015-09-23,09:00-18:30,16322,16105,217
2015-09-24,09:00-18:30,16243,15910,333
2015-09-25,09:00-18:30,16372,16185,187
2015-09-28,09:00-18:30,16289,15954,335
2015-09-29,09:00-18:30,16014,15821,193
2015-09-30,09:00-18:30,16195,16051,144
2015-10-01,09:00-18:30,16345,15968,377
2015-10-02,09:00-18:30,16278,15908,370
2015-10-05,09:00-18:30,16596,16341,255
2015-10-06,09:00-18:30,16760,16576,184
2015-10-07,09:00-18:30,16867,16667,200
2015-10-08,09:00-18:30,16859,16680,179
2015-10-09,09:00-18:30,17026,16910,116
2015-10-12,09:00-18:30,17043,16964,79
2015-10-13,09:00-18:30,17076,16920,156
2015-10-14,09:00-18:30,17017,16858,159
2015-10-15,09:00-18:30,16944,16841,103
2015-10-16,09:00-18:30,17117,17026,91
2015-10-19,09:00-18:30,17136,17032,104
2015-10-20,09:00-18:30,17168,17046,122
2015-10-21,09:00-18:30,17209,17101,108
2015-10-22,09:00-18:30,17386,17073,313
2015-10-23,09:00-18:30,17597,17422,175
2015-10-26,09:00-18:30,17579,17485,94
2015-10-27,09:00-18:30,17555,17459,96
2015-10-28,09:00-18:30,17626,17501,125
2015-10-29,09:00-18:30,17678,17603,75
2015-10-30,09:00-18:30,17756,17647,109
2015-11-02,09:00-18:30,17697,17530,167
2015-11-03,09:00-18:30,17848,17689,159
2015-11-04,09:00-18:30,17906,17781,125
2015-11-05,09:00-18:30,17866,17710,156
2015-11-06,09:00-18:30,17855,17704,151
2015-11-09,09:00-18:30,17832,17610,222
2015-11-10,09:00-18:30,17713,17608,105
2015-11-11,09:00-18:30,17799,17646,153
2015-11-12,09:00-18:30,17715,17436,279
2015-11-13,09:00-18:30,17445,17218,227
2015-11-16,09:00-18:30,17303,17151,152
2015-11-17,09:00-18:30,17556,17400,156
2015-11-18,09:00-18:30,17607,17412,195
2015-11-19,09:00-18:30,17769,17645,124
2015-11-20,09:00-18:30,17884,17718,166
2015-11-23,09:00-18:30,17837,17746,91
2015-11-24,09:00-18:30,17788,17623,165
2015-11-25,09:00-18:30,17833,17751,82
2015-11-26,09:00-18:30,17875,17804,71
2015-11-27,09:00-18:30,17811,17722,89
2015-11-30,09:00-18:30,17847,17706,141
2015-12-01,09:00-18:30,17877,17752,125
2015-12-02,09:00-18:30,17905,17817,88
2015-12-03,09:00-18:30,17870,17561,309
2015-12-04,09:00-18:30,17744,17445,299
2015-12-07,09:00-18:30,17869,17626,243
2015-12-08,09:00-18:30,17725,17475,250
2015-12-09,09:00-18:30,17762,17466,296
2015-12-10,09:00-18:30,17568,17375,193
2015-12-11,09:00-18:30,17531,17176,355
2015-12-14,09:00-18:30,17316,17053,263
2015-12-15,09:00-18:30,17514,17261,253
2015-12-16,09:00-18:30,17614,17441,173
2015-12-17,09:00-18:30,17735,17483,252
2015-12-18,09:00-18:30,17371,17134,237
2015-12-21,09:00-18:30,17188,17023,165
2015-12-22,09:00-18:30,17256,17110,146
2015-12-23,09:00-18:30,17488,17362,126
2015-12-24,09:00-18:30,17509,17446,63
2015-12-28,09:00-18:30,17443,17341,102
2015-12-29,09:00-18:30,17627,17467,160
2015-12-30,09:00-18:30,17635,17564,71
2015-12-31,09:00-18:30,17529,17355,174
2016-01-04,09:00-18:30,17149,16860,289
2016-01-05,09:00-18:30,17118,16940,178
2016-01-06,09:00-18:30,16965,16753,212
2016-01-07,09:00-18:30,16714,16391,323
2016-01-08,09:00-18:30,16666,16342,324
2016-01-11,09:00-18:30,16372,16209,163
2016-01-12,09:00-18:30,16502,16191,311
2016-01-13,09:00-18:30,16533,16303,230
2016-01-14,09:00-18:30,16300,15980,320
2016-01-15,09:00-18:30,16179,15788,391
2016-01-18,09:00-18:30,16048,15868,180
2016-01-19,09:00-18:30,16188,15928,260
2016-01-20,09:00-18:30,15724,15374,350
2016-01-21,09:00-18:30,15957,15564,393
2016-01-22,09:00-18:30,16052,15890,162
2016-01-25,09:00-18:30,15992,15881,111
2016-01-26,09:00-18:30,16094,15640,454
2016-01-27,09:00-18:30,16151,15900,251
2016-01-28,09:00-18:30,16055,15775,280
2016-01-29,09:00-18:30,16258,16047,211
2016-02-01,09:00-18:30,16351,16209,142
2016-02-02,09:00-18:30,16289,16072,217
2016-02-03,09:00-18:30,16188,15875,313
2016-02-04,09:00-18:30,16408,16127,281
2016-02-05,09:00-18:30,16383,16096,287
2016-02-08,09:00-18:30,16194,15738,456
2016-02-09,09:00-18:30,16023,15773,250
2016-02-10,09:00-18:30,16154,15926,228
2016-02-11,09:00-18:30,15799,15466,333
2016-02-12,09:00-18:30,15865,15659,206
2016-02-15,09:00-18:30,16168,16042,126
2016-02-16,09:00-18:30,16189,15987,202
2016-02-17,09:00-18:30,16405,16092,313
2016-02-18,09:00-18:30,16515,16365,150
2016-02-19,09:00-18:30,16442,16245,197
2016-02-22,09:00-18:30,16587,16494,93
2016-02-23,09:00-18:30,16574,16394,180
2016-02-24,09:00-18:30,16415,16131,284
2016-02-25,09:00-18:30,16534,16396,138
2016-02-26,09:00-18:30,16820,16636,184
2016-02-29,09:00-18:30,16707,16477,230
2016-03-01,09:00-18:30,16795,16526,269
2016-03-02,09:00-18:30,16872,16744,128
2016-03-03,09:00-18:30,16896,16798,98
2016-03-04,09:00-18:30,17020,16878,142
2016-03-07,09:00-18:30,17062,16898,164
2016-03-08,09:00-18:30,17038,16907,131
2016-03-09,09:00-18:30,17078,16940,138
2016-03-10,09:00-18:30,17077,16757,320
2016-03-11,09:00-18:30,17130,17012,118
2016-03-14,09:00-18:30,17138,17056,82
2016-03-15,09:00-18:30,17131,17023,108
2016-03-16,09:00-18:30,17182,17094,88
2016-03-17,09:00-18:30,17354,17147,207
2016-03-18,09:00-18:30,17503,17361,142
2016-03-21,09:00-18:30,17552,17441,111
2016-03-22,09:00-18:30,17529,17431,98
2016-03-23,09:00-18:30,17519,17409,110
2016-03-24,09:00-18:30,17406,17299,107
2016-03-28,09:00-18:30,17526,17392,134
2016-03-29,09:00-18:30,17497,17333,164
2016-03-30,09:00-18:30,17694,17562,132
2016-03-31,09:00-18:30,17659,17564,95
2016-04-01,09:00-18:30,17649,17468,181
2016-04-04,09:00-18:30,17753,17644,109
2016-04-05,09:00-18:30,17625,17495,130
2016-04-06,09:00-18:30,17611,17452,159
2016-04-07,09:00-18:30,17631,17441,190
2016-04-08,09:00-18:30,17609,17482,127
2016-04-11,09:00-18:30,17647,17412,235
2016-04-12,09:00-18:30,17627,17446,181
2016-04-13,09:00-18:30,17797,17663,134
2016-04-14,09:00-18:30,17864,17774,90
2016-04-15,09:00-18:30,17853,17806,47
2016-04-18,09:00-18:30,17906,17692,214
2016-04-19,09:00-18:30,18018,17905,113
2016-04-20,09:00-18:30,18028,17902,126
2016-04-21,09:00-18:30,18071,17944,127
2016-04-22,09:00-18:30,17951,17827,124
2016-04-25,09:00-18:30,17919,17773,146
2016-04-26,09:00-18:30,17970,17852,118
2016-04-27,09:00-18:30,17957,17839,118
2016-04-28,09:00-18:30,17956,17783,173
2016-04-29,09:00-18:30,17783,17568,215
2016-05-02,09:00-18:30,17790,17678,112
2016-05-03,09:00-18:30,17789,17585,204
2016-05-04,09:00-18:30,17693,17537,156
2016-05-05,09:00-18:30,17682,17586,96
2016-05-06,09:00-18:30,17605,17475,130
2016-05-09,09:00-18:30,17727,17595,132
2016-05-10,09:00-18:30,17840,17677,163
2016-05-11,09:00-18:30,17832,17751,81
2016-05-12,09:00-18:30,17754,17573,181
2016-05-13,09:00-18:30,17689,17558,131
2016-05-16,09:00-18:30,17647,17473,174
2016-05-17,09:00-18:30,17720,17566,154
2016-05-18,09:00-18:30,17555,17412,143
2016-05-19,09:00-18:30,17481,17297,184
2016-05-20,09:00-18:30,17547,17439,108
2016-05-23,09:00-18:30,17533,17431,102
2016-05-24,09:00-18:30,17690,17443,247
2016-05-25,09:00-18:30,17859,17725,134
2016-05-26,09:00-18:30,17864,17777,87
2016-05-27,09:00-18:30,17855,17802,53
2016-05-30,09:00-18:30,17903,17878,25
2016-05-31,09:00-18:30,17894,17761,133
2016-06-01,09:00-18:30,17777,17648,129
2016-06-02,09:00-18:30,17780,17692,88
2016-06-03,09:00-18:30,17849,17677,172
2016-06-06,09:00-18:30,17918,17788,130
2016-06-07,09:00-18:30,17993,17938,55
2016-06-08,09:00-18:30,18012,17921,91
2016-06-09,09:00-18:30,17881,17813,68
2016-06-10,09:00-18:30,17853,17733,120
2016-06-13,09:00-18:30,17803,17684,119
2016-06-14,09:00-18:30,17644,17507,137
2016-06-15,09:00-18:30,17660,17586,74
2016-06-16,09:00-18:30,17537,17374,163
2016-06-17,09:00-18:30,17661,17505,156
2016-06-20,09:00-18:30,17854,17733,121
2016-06-21,09:00-18:30,17794,17702,92
2016-06-22,09:00-18:30,17825,17707,118
2016-06-23,09:00-18:30,17890,17747,143
2016-06-24,09:00-18:30,17594,17309,285
2016-06-27,09:00-18:30,17276,16962,314
2016-06-28,09:00-18:30,17261,17123,138
2016-06-29,09:00-18:30,17556,17341,215
2016-06-30,09:00-18:30,17782,17557,225
2016-07-01,09:00-18:30,17903,17762,141
2016-07-04,09:00-18:30,17914,17852,62
2016-07-05,09:00-18:30,17816,17718,98
2016-07-06,09:00-18:30,17785,17618,167
2016-07-07,09:00-18:30,17895,17790,105
2016-07-08,09:00-18:30,18014,17791,223
2016-07-11,09:00-18:30,18182,18069,113
2016-07-12,09:00-18:30,18273,18178,95
2016-07-13,09:00-18:30,18305,18229,76
2016-07-14,09:00-18:30,18475,18377,98
2016-07-15,09:00-18:30,18488,18390,98
2016-07-18,09:00-18:30,18493,18410,83
2016-07-19,09:00-18:30,18475,18401,74
2016-07-20,09:00-18:30,18565,18480,85
2016-07-21,09:00-18:30,18548,18434,114
2016-07-22,09:00-18:30,18487,18417,70
2016-07-25,09:00-18:30,18505,18378,127
2016-07-26,09:00-18:30,18445,18311,134
2016-07-27,09:00-18:30,18471,18366,105
2016-07-28,09:00-18:30,18454,18293,161
2016-07-29,09:00-18:30,18395,18296,99
2016-08-01,09:00-18:30,18445,18279,166
2016-08-02,09:00-18:30,18358,18197,161
2016-08-03,09:00-18:30,18281,18188,93
2016-08-04,09:00-18:30,18336,18255,81
2016-08-05,09:00-18:30,18450,18291,159
2016-08-08,09:00-18:30,18508,18449,59
2016-08-09,09:00-18:30,18522,18456,66
2016-08-10,09:00-18:30,18513,18432,81
2016-08-11,09:00-18:30,18587,18459,128
2016-08-12,09:00-18:30,18585,18504,81
2016-08-15,09:00-18:30,18623,18545,78
2016-08-16,09:00-18:30,18579,18508,71
2016-08-17,09:00-18:30,18558,18443,115
2016-08-18,09:00-18:30,18575,18514,61
2016-08-19,09:00-18:30,18566,18469,97
2016-08-22,09:00-18:30,18561,18442,119
2016-08-23,09:00-18:30,18615,18525,90
2016-08-24,09:00-18:30,18543,18467,76
2016-08-25,09:00-18:30,18478,18417,61
2016-08-26,09:00-18:30,18554,18324,230
2016-08-29,09:00-18:30,18503,18352,151
2016-08-30,09:00-18:30,18515,18419,96
2016-08-31,09:00-18:30,18449,18324,125
2016-09-01,09:00-18:30,18462,18286,176
2016-09-02,09:00-18:30,18539,18378,161
2016-09-05,09:00-18:30,18518,18463,55
2016-09-06,09:00-18:30,18545,18437,108
2016-09-07,09:00-18:30,18540,18469,71
2016-09-08,09:00-18:30,18468,18357,111
2016-09-09,09:00-18:30,18363,18144,219
2016-09-12,09:00-18:30,18081,17822,259
2016-09-13,09:00-18:30,18162,17979,183
2016-09-14,09:00-18:30,18085,17963,122
2016-09-15,09:00-18:30,18115,17910,205
2016-09-16,09:00-18:30,18105,18002,103
2016-09-19,09:00-18:30,18171,18068,103
2016-09-20,09:00-18:30,18145,18066,79
2016-09-21,09:00-18:30,18149,18037,112
2016-09-22,09:00-18:30,18366,18207,159
2016-09-23,09:00-18:30,18309,18233,76
2016-09-26,09:00-18:30,18158,18008,150
2016-09-27,09:00-18:30,18152,17959,193
2016-09-28,09:00-18:30,18193,18090,103
2016-09-29,09:00-18:30,18278,18175,103
2016-09-30,09:00-18:30,18259,17989,270
2016-10-03,09:00-18:30,18244,18108,136
2016-10-04,09:00-18:30,18229,18097,132
2016-10-05,09:00-18:30,18222,18054,168
2016-10-06,09:00-18:30,18223,18076,147
2016-10-07,09:00-18:30,18251,18061,190
2016-10-10,09:00-18:30,18320,18171,149
2016-10-11,09:00-18:30,18252,18049,203
2016-10-12,09:00-18:30,18090,17991,99
2016-10-13,09:00-18:30,17970,17868,102
2016-10-14,09:00-18:30,18177,18003,174
2016-10-17,09:00-18:30,18079,17988,91
2016-10-18,09:00-18:30,18143,18039,104
2016-10-19,09:00-18:30,18162,18031,131
2016-10-20,09:00-18:30,18171,18047,124
2016-10-21,09:00-18:30,18091,17965,126
2016-10-24,09:00-18:30,18197,18108,89
2016-10-25,09:00-18:30,18173,18067,106
2016-10-26,09:00-18:30,18156,17975,181
2016-10-27,09:00-18:30,18183,18065,118
2016-10-28,09:00-18:30,18168,18022,146
2016-10-31,09:00-18:30,18141,18047,94
2016-11-01,09:00-18:30,18126,17967,159
2016-11-02,09:00-18:30,17960,17867,93
2016-11-03,09:00-18:30,17935,17853,82
2016-11-04,09:00-18:30,17896,17800,96
2016-11-07,09:00-18:30,18154,18022,132
2016-11-08,09:00-18:30,18342,18140,202
2016-11-09,09:00-18:30,18488,17841,647
2016-11-10,09:00-18:30,18714,18571,143
2016-11-11,09:00-18:30,18826,18682,144
2016-11-14,09:00-18:30,18917,18765,152
2016-11-15,09:00-18:30,18869,18756,113
2016-11-16,09:00-18:30,18874,18793,81
2016-11-17,09:00-18:30,18868,18812,56
2016-11-18,09:00-18:30,18889,18823,66
2016-11-21,09:00-18:30,18897,18834,63
2016-11-22,09:00-18:30,18991,18932,59
2016-11-23,09:00-18:30,19038,18975,63
2016-11-24,09:00-18:30,19119,19045,74
2016-11-25,09:00-18:30,19118,19090,28
2016-11-28,09:00-18:30,19108,19042,66
2016-11-29,09:00-18:30,19125,19059,66
2016-11-30,09:00-18:30,19215,19114,101
2016-12-01,09:00-18:30,19205,19119,86
2016-12-02,09:00-18:30,19193,19133,60
2016-12-05,09:00-18:30,19276,19178,98
2016-12-06,09:00-18:30,19233,19176,57
2016-12-07,09:00-18:30,19340,19218,122
2016-12-08,09:00-18:30,19588,19431,157
2016-12-09,09:00-18:30,19628,19563,65
2016-12-12,09:00-18:30,19766,19686,80
2016-12-13,09:00-18:30,19865,19750,115
2016-12-14,09:00-18:30,19860,19810,50
2016-12-15,09:00-18:30,19895,19751,144
2016-12-16,09:00-18:30,19863,19786,77
2016-12-19,09:00-18:30,19860,19792,68
2016-12-20,09:00-18:30,19933,19835,98
2016-12-21,09:00-18:30,19930,19894,36
2016-12-22,09:00-18:30,19899,19830,69
2016-12-23,09:00-18:30,19890,19845,45
2016-12-27,09:00-18:30,19922,19862,60
2016-12-28,09:00-18:30,19920,19823,97
2016-12-29,09:00-18:30,19817,19729,88
2016-12-30,09:00-18:30,19808,19724,84
2017-01-03,09:00-18:30,19879,19706,173
2017-01-04,09:00-18:30,19881,19808,73
2017-01-05,09:00-18:30,19872,19733,139
2017-01-06,09:00-18:30,19903,19760,143
2017-01-09,09:00-18:30,19911,19816,95
2017-01-10,09:00-18:30,19885,19765,120
2017-01-11,09:00-18:30,19904,19757,147
2017-01-12,09:00-18:30,19847,19692,155
2017-01-13,09:00-18:30,19878,19786,92
2017-01-16,09:00-18:30,19807,19770,37
2017-01-17,09:00-18:30,19809,19717,92
2017-01-18,09:00-18:30,19786,19669,117
2017-01-19,09:00-18:30,19758,19670,88
2017-01-20,09:00-18:30,19779,19670,109
2017-01-23,09:00-18:30,19771,19666,105
2017-01-24,09:00-18:30,19825,19723,102
2017-01-25,09:00-18:30,20016,19875,141
2017-01-26,09:00-18:30,20062,20001,61
2017-01-27,09:00-18:30,20069,20005,64
2017-01-30,09:00-18:30,19993,19800,193
2017-01-31,09:00-18:30,19878,19723,155
2017-02-01,09:00-18:30,19896,19774,122
2017-02-02,09:00-18:30,19851,19739,112
2017-02-03,09:00-18:30,19998,19820,178
2017-02-06,09:00-18:30,20021,19932,89
2017-02-07,09:00-18:30,20086,19971,115
2017-02-08,09:00-18:30,20052,19966,86
2017-02-09,09:00-18:30,20151,19991,160
2017-02-10,09:00-18:30,20217,20149,68
2017-02-13,09:00-18:30,20359,20250,109
2017-02-14,09:00-18:30,20405,20346,59
2017-02-15,09:00-18:30,20582,20477,105
2017-02-16,09:00-18:30,20621,20536,85
2017-02-17,09:00-18:30,20584,20506,78
2017-02-20,09:00-18:30,20654,20613,41
2017-02-21,09:00-18:30,20735,20602,133
2017-02-22,09:00-18:30,20742,20667,75
2017-02-23,09:00-18:30,20814,20724,90
2017-02-24,09:00-18:30,20784,20695,89
2017-02-27,09:00-18:30,20826,20758,68
2017-02-28,09:00-18:30,20831,20769,62
2017-03-01,09:00-18:30,21162,20849,313
2017-03-02,09:00-18:30,21130,21032,98
2017-03-03,09:00-18:30,21037,20942,95
2017-03-06,09:00-18:30,20962,20900,62
2017-03-07,09:00-18:30,20964,20893,71
2017-03-08,09:00-18:30,20957,20884,73
2017-03-09,09:00-18:30,20861,20778,83
2017-03-10,09:00-18:30,20942,20802,140
2017-03-13,09:00-18:30,20882,20806,76
2017-03-14,09:00-18:30,20835,20745,90
2017-03-15,09:00-18:30,20856,20814,42
2017-03-16,09:00-18:30,20981,20843,138
2017-03-17,09:00-18:30,20929,20860,69
2017-03-20,09:00-18:30,20901,20838,63
2017-03-21,09:00-18:30,20917,20651,266
2017-03-22,09:00-18:30,20616,20525,91
2017-03-23,09:00-18:30,20700,20561,139
2017-03-24,09:00-18:30,20665,20570,95
2017-03-27,09:00-18:30,20500,20356,144
2017-03-28,09:00-18:30,20599,20459,140
2017-03-29,09:00-18:30,20663,20563,100
2017-03-30,09:00-18:30,20694,20570,124
2017-03-31,09:00-18:30,20657,20610,47
2017-04-03,09:00-18:30,20645,20451,194
2017-04-04,09:00-18:30,20640,20512,128
2017-04-05,09:00-18:30,20828,20615,213
2017-04-06,09:00-18:30,20660,20525,135
2017-04-07,09:00-18:30,20635,20532,103
2017-04-10,09:00-18:30,20691,20551,140
2017-04-11,09:00-18:30,20605,20448,157
2017-04-12,09:00-18:30,20639,20490,149
2017-04-13,09:00-18:30,20549,20458,91
2017-04-17,09:00-18:30,20515,20388,127
2017-04-18,09:00-18:30,20579,20394,185
2017-04-19,09:00-18:30,20486,20380,106
2017-04-20,09:00-18:30,20519,20335,184
2017-04-21,09:00-18:30,20549,20486,63
2017-04-24,09:00-18:30,20727,20664,63
2017-04-25,09:00-18:30,20958,20734,224
2017-04-26,09:00-18:30,21010,20930,80
2017-04-27,09:00-18:30,20949,20871,78
2017-04-28,09:00-18:30,20929,20863,66
2017-05-01,09:00-18:30,20923,20846,77
2017-05-02,09:00-18:30,20894,20836,58
2017-05-03,09:00-18:30,20878,20805,73
2017-05-04,09:00-18:30,20946,20775,171
2017-05-05,09:00-18:30,20884,20832,52
2017-05-08,09:00-18:30,20952,20902,50
2017-05-09,09:00-18:30,20987,20936,51
2017-05-10,09:00-18:30,20935,20850,85
2017-05-11,09:00-18:30,20890,20760,130
2017-05-12,09:00-18:30,20878,20826,52
2017-05-15,09:00-18:30,20949,20864,85
2017-05-16,09:00-18:30,20995,20894,101
2017-05-17,09:00-18:30,20864,20670,194
2017-05-18,09:00-18:30,20654,20474,180
2017-05-19,09:00-18:30,20794,20630,164
2017-05-22,09:00-18:30,20893,20766,127
2017-05-23,09:00-18:30,20934,20851,83
2017-05-24,09:00-18:30,20960,20903,57
2017-05-25,09:00-18:30,21095,21030,65
2017-05-26,09:00-18:30,21076,21020,56
2017-05-29,09:00-18:30,21091,21066,25
2017-05-30,09:00-18:30,21070,20998,72
2017-05-31,09:00-18:30,21060,20929,131
2017-06-01,09:00-18:30,21058,20986,72
2017-06-02,09:00-18:30,21227,21125,102
2017-06-05,09:00-18:30,21220,21164,56
2017-06-06,09:00-18:30,21175,21114,61
2017-06-07,09:00-18:30,21183,21126,57
2017-06-08,09:00-18:30,21222,21105,117
2017-06-09,09:00-18:30,21258,21136,122
2017-06-12,09:00-18:30,21226,21139,87
2017-06-13,09:00-18:30,21275,21199,76
2017-06-14,09:00-18:30,21332,21254,78
2017-06-15,09:00-18:30,21314,21218,96
2017-06-16,09:00-18:30,21366,21264,102
2017-06-19,09:00-18:30,21464,21386,78
2017-06-20,09:00-18:30,21487,21443,44
2017-06-21,09:00-18:30,21450,21355,95
2017-06-22,09:00-18:30,21408,21343,65
2017-06-23,09:00-18:30,21376,21282,94
2017-06-26,09:00-18:30,21454,21328,126
2017-06-27,09:00-18:30,21389,21322,67
2017-06-28,09:00-18:30,21425,21253,172
2017-06-29,09:00-18:30,21451,21210,241
2017-06-30,09:00-18:30,21344,21232,112
2017-07-03,09:00-18:30,21508,21339,169
2017-07-04,09:00-18:30,21473,21404,69
2017-07-05,09:00-18:30,21459,21348,111
2017-07-06,09:00-18:30,21422,21290,132
2017-07-07,09:00-18:30,21377,21264,113
2017-07-10,09:00-18:30,21395,21315,80
2017-07-11,09:00-18:30,21389,21226,163
2017-07-12,09:00-18:30,21531,21367,164
2017-07-13,09:00-18:30,21519,21459,60
2017-07-14,09:00-18:30,21525,21470,55
2017-07-17,09:00-18:30,21621,21561,60
2017-07-18,09:00-18:30,21609,21416,193
2017-07-19,09:00-18:30,21568,21505,63
2017-07-20,09:00-18:30,21624,21525,99
2017-07-21,09:00-18:30,21590,21451,139
2017-07-24,09:00-18:30,21529,21444,85
2017-07-25,09:00-18:30,21640,21487,153
2017-07-26,09:00-18:30,21687,21561,126
2017-07-27,09:00-18:30,21734,21656,78
2017-07-28,09:00-18:30,21750,21693,57
2017-07-31,09:00-18:30,21862,21781,81
2017-08-01,09:00-18:30,21961,21885,76
2017-08-02,09:00-18:30,21981,21912,69
2017-08-03,09:00-18:30,21986,21928,58
2017-08-04,09:00-18:30,22046,21969,77
2017-08-07,09:00-18:30,22067,22025,42
2017-08-08,09:00-18:30,22132,22031,101
2017-08-09,09:00-18:30,22025,21971,54
2017-08-10,09:00-18:30,22002,21870,132
2017-08-11,09:00-18:30,21884,21790,94
2017-08-14,09:00-18:30,21988,21912,76
2017-08-15,09:00-18:30,22019,21942,77
2017-08-16,09:00-18:30,22067,21998,69
2017-08-17,09:00-18:30,22019,21858,161
2017-08-18,09:00-18:30,21749,21622,127
2017-08-21,09:00-18:30,21690,21579,111
2017-08-22,09:00-18:30,21843,21710,133
2017-08-23,09:00-18:30,21877,21786,91
2017-08-24,09:00-18:30,21863,21745,118
2017-08-25,09:00-18:30,21893,21757,136
2017-08-28,09:00-18:30,21859,21750,109
2017-08-29,09:00-18:30,21828,21644,184
2017-08-30,09:00-18:30,21941,21832,109
2017-08-31,09:00-18:30,21985,21896,89
2017-09-01,09:00-18:30,22025,21973,52
2017-09-04,09:00-18:30,21944,21901,43
2017-09-05,09:00-18:30,21947,21747,200
2017-09-06,09:00-18:30,21844,21746,98
2017-09-07,09:00-18:30,21817,21723,94
2017-09-08,09:00-18:30,21810,21679,131
2017-09-11,09:00-18:30,22009,21881,128
2017-09-12,09:00-18:30,22100,22043,57
2017-09-13,09:00-18:30,22094,22054,40
2017-09-14,09:00-18:30,22150,22075,75
2017-09-15,09:00-18:30,22214,22149,65
2017-09-18,09:00-18:30,22314,22240,74
2017-09-19,09:00-18:30,22333,22296,37
2017-09-20,09:00-18:30,22356,22316,40
2017-09-21,09:00-18:30,22374,22331,43
2017-09-22,09:00-18:30,22325,22279,46
2017-09-25,09:00-18:30,22319,22174,145
2017-09-26,09:00-18:30,22324,22244,80
2017-09-27,09:00-18:30,22326,22208,118
2017-09-28,09:00-18:30,22345,22237,108
2017-09-29,09:00-18:30,22329,22281,48
2017-10-02,09:00-18:30,22448,22367,81
2017-10-03,09:00-18:30,22582,22524,58
2017-10-04,09:00-18:30,22631,22580,51
2017-10-05,09:00-18:30,22713,22603,110
2017-10-06,09:00-18:30,22739,22684,55
2017-10-09,09:00-18:30,22751,22706,45
2017-10-10,09:00-18:30,22799,22717,82
2017-10-11,09:00-18:30,22805,22758,47
2017-10-12,09:00-18:30,22835,22780,55
2017-10-13,09:00-18:30,22852,22796,56
2017-10-16,09:00-18:30,22894,22833,61
2017-10-17,09:00-18:30,22946,22895,51
2017-10-18,09:00-18:30,23092,22976,116
2017-10-19,09:00-18:30,23094,22951,143
2017-10-20,09:00-18:30,23236,23153,83
2017-10-23,09:00-18:30,23320,23268,52
2017-10-24,09:00-18:30,23427,23249,178
2017-10-25,09:00-18:30,23416,23207,209
2017-10-26,09:00-18:30,23404,23290,114
2017-10-27,09:00-18:30,23408,23297,111
2017-10-30,09:00-18:30,23375,23274,101
2017-10-31,09:00-18:30,23334,23280,54
2017-11-01,09:00-18:30,23464,23354,110
2017-11-02,09:00-18:30,23413,23289,124
2017-11-03,09:00-18:30,23494,23416,78
2017-11-06,09:00-18:30,23500,23445,55
2017-11-07,09:00-18:30,23540,23414,126
2017-11-08,09:00-18:30,23499,23443,56
2017-11-09,09:00-18:30,23491,23271,220
2017-11-10,09:00-18:30,23423,23338,85
2017-11-13,09:00-18:30,23413,23288,125
2017-11-14,09:00-18:30,23424,23231,193
2017-11-15,09:00-18:30,23306,23205,101
2017-11-16,09:00-18:30,23443,23296,147
2017-11-17,09:00-18:30,23428,23325,103
2017-11-20,09:00-18:30,23427,23266,161
2017-11-21,09:00-18:30,23586,23376,210
2017-11-22,09:00-18:30,23599,23476,123
2017-11-23,09:00-18:30,23508,23432,76
2017-11-24,09:00-18:30,23569,23483,86
2017-11-27,09:00-18:30,23616,23497,119
2017-11-28,09:00-18:30,23712,23568,144
2017-11-29,09:00-18:30,23946,23840,106
2017-11-30,09:00-18:30,24218,23958,260
2017-12-01,09:00-18:30,24325,23924,401
2017-12-04,09:00-18:30,24536,24407,129
2017-12-05,09:00-18:30,24385,24231,154
2017-12-06,09:00-18:30,24231,24095,136
2017-12-07,09:00-18:30,24266,24086,180
2017-12-08,09:00-18:30,24344,24246,98
2017-12-11,09:00-18:30,24409,24337,72
2017-12-12,09:00-18:30,24575,24416,159
2017-12-13,09:00-18:30,24686,24528,158
2017-12-14,09:00-18:30,24703,24602,101
2017-12-15,09:00-18:30,24695,24585,110
2017-12-18,09:00-18:30,24896,24776,120
2017-12-19,09:00-18:30,24893,24730,163
2017-12-20,09:00-18:30,24880,24734,146
2017-12-21,09:00-18:30,24860,24714,146
2017-12-22,09:00-18:30,24814,24729,85
2017-12-26,09:00-18:30,24798,24707,91
2017-12-27,09:00-18:30,24817,24762,55
2017-12-28,09:00-18:30,24840,24791,49
2017-12-29,09:00-18:30,24886,24771,115
2018-01-02,09:00-18:30,24857,24716,141
2018-01-03,09:00-18:30,24879,24801,78
2018-01-04,09:00-18:30,25082,24932,150
2018-01-05,09:00-18:30,25160,25082,78
2018-01-08,09:00-18:30,25347,25210,137
2018-01-09,09:00-18:30,25381,25268,113
2018-01-10,09:00-18:30,25363,25222,141
2018-01-11,09:00-18:30,25484,25354,130
2018-01-12,09:00-18:30,25765,25579,186
2018-01-15,09:00-18:30,25976,25871,105
2018-01-16,09:00-18:30,26061,25892,169
2018-01-17,09:00-18:30,25999,25853,146
2018-01-18,09:00-18:30,26139,25932,207
2018-01-19,09:00-18:30,26047,25932,115
2018-01-22,09:00-18:30,26145,25965,180
2018-01-23,09:00-18:30,26299,26135,164
2018-01-24,09:00-18:30,26387,26213,174
2018-01-25,09:00-18:30,26437,26231,206
2018-01-26,09:00-18:30,26479,26395,84
2018-01-29,09:00-18:30,26634,26434,200
2018-01-30,09:00-18:30,26309,26067,242
2018-01-31,09:00-18:30,26310,26103,207
2018-02-01,09:00-18:30,26280,25922,358
2018-02-02,09:00-18:30,26114,25726,388
2018-02-05,09:00-18:30,25477,25093,384
2018-02-06,09:00-18:30,24641,23499,1142
2018-02-07,09:00-18:30,25239,24503,736
2018-02-08,09:00-18:30,24928,24279,649
2018-02-09,09:00-18:30,24178,23464,714
2018-02-12,09:00-18:30,24616,24224,392
2018-02-13,09:00-18:30,24537,24371,166
2018-02-14,09:00-18:30,24799,24280,519
2018-02-15,09:00-18:30,25157,24792,365
2018-02-16,09:00-18:30,25373,25113,260
2018-02-19,09:00-18:30,25316,25054,262
2018-02-20,09:00-18:30,25168,24972,196
2018-02-21,09:00-18:30,25118,24871,247
2018-02-22,09:00-18:30,25137,24633,504
2018-02-23,09:00-18:30,25161,25004,157
2018-02-26,09:00-18:30,25595,25412,183
2018-02-27,09:00-18:30,25789,25541,248
2018-02-28,09:00-18:30,25577,25310,267
2018-03-01,09:00-18:30,25185,24864,321
2018-03-02,09:00-18:30,24625,24204,421
2018-03-05,09:00-18:30,24746,24318,428
2018-03-06,09:00-18:30,25047,24695,352
2018-03-07,09:00-18:30,24816,24508,308
2018-03-08,09:00-18:30,24985,24744,241
2018-03-09,09:00-18:30,25275,24873,402
2018-03-12,09:00-18:30,25535,25205,330
2018-03-13,09:00-18:30,25407,25087,320
2018-03-14,09:00-18:30,25174,24688,486
2018-03-15,09:00-18:30,25075,24771,304
2018-03-16,09:00-18:30,25050,24863,187
2018-03-19,09:00-18:30,24923,24607,316
2018-03-20,09:00-18:30,24813,24608,205
2018-03-21,09:00-18:30,24889,24660,229
2018-03-22,09:00-18:30,24723,24169,554
2018-03-23,09:00-18:30,24098,23748,350
2018-03-26,09:00-18:30,24034,23727,307
2018-03-27,09:00-18:30,24435,24145,290
2018-03-28,09:00-18:30,24075,23707,368
2018-03-29,09:00-18:30,24158,23859,299
2018-04-02,09:00-18:30,24100,23477,623
2018-04-03,09:00-18:30,23873,23583,290
2018-04-04,09:00-18:30,23968,23361,607
2018-04-05,09:00-18:30,24596,24271,325
2018-04-06,09:00-18:30,24409,24018,391
2018-04-09,09:00-18:30,24278,24015,263
2018-04-10,09:00-18:30,24482,24201,281
2018-04-11,09:00-18:30,24335,24062,273
2018-04-12,09:00-18:30,24490,24141,349
2018-04-13,09:00-18:30,24627,24300,327
2018-04-16,09:00-18:30,24559,24381,178
2018-04-17,09:00-18:30,24827,24638,189
2018-04-18,09:00-18:30,24809,24681,128
2018-04-19,09:00-18:30,24752,24558,194
2018-04-20,09:00-18:30,24661,24383,278
2018-04-23,09:00-18:30,24498,24362,136
2018-04-24,09:00-18:30,24600,24121,479
2018-04-25,09:00-18:30,24045,23782,263
2018-04-26,09:00-18:30,24287,24013,274
2018-04-27,09:00-18:30,24316,24147,169
2018-04-30,09:00-18:30,24458,24250,208
2018-05-01,09:00-18:30,24153,23789,364
2018-05-02,09:00-18:30,24119,23930,189
2018-05-03,09:00-18:30,23896,23467,429
2018-05-04,09:00-18:30,24168,23721,447
2018-05-07,09:00-18:30,24425,24253,172
2018-05-08,09:00-18:30,24355,24201,154
2018-05-09,09:00-18:30,24458,24275,183
2018-05-10,09:00-18:30,24749,24481,268
2018-05-11,09:00-18:30,24847,24691,156
2018-05-14,09:00-18:30,24971,24867,104
2018-05-15,09:00-18:30,24862,24608,254
2018-05-16,09:00-18:30,24753,24621,132
2018-05-17,09:00-18:30,24836,24661,175
2018-05-18,09:00-18:30,24803,24655,148
2018-05-21,09:00-18:30,25080,24915,165
2018-05-22,09:00-18:30,25066,24945,121
2018-05-23,09:00-18:30,24789,24627,162
2018-05-24,09:00-18:30,24867,24584,283
2018-05-25,09:00-18:30,24884,24703,181
2018-05-28,09:00-18:30,24837,24705,132
2018-05-29,09:00-18:30,24674,24264,410
2018-05-30,09:00-18:30,24659,24413,246
2018-05-31,09:00-18:30,24705,24380,325
2018-06-01,09:00-18:30,24679,24475,204
2018-06-04,09:00-18:30,24863,24682,181
2018-06-05,09:00-18:30,24860,24709,151
2018-06-06,09:00-18:30,25042,24859,183
2018-06-07,09:00-18:30,25341,25190,151
2018-06-08,09:00-18:30,25320,25093,227
2018-06-11,09:00-18:30,25399,25304,95
2018-06-12,09:00-18:30,25404,25295,109
2018-06-13,09:00-18:30,25380,25305,75
2018-06-14,09:00-18:30,25353,25149,204
2018-06-15,09:00-18:30,25167,24908,259
2018-06-18,09:00-18:30,25009,24839,170
2018-06-19,09:00-18:30,24744,24569,175
2018-06-20,09:00-18:30,24856,24632,224
2018-06-21,09:00-18:30,24721,24455,266
2018-06-22,09:00-18:30,24662,24533,129
2018-06-25,09:00-18:30,24462,24127,335
2018-06-26,09:00-18:30,24355,24216,139
2018-06-27,09:00-18:30,24564,24079,485
2018-06-28,09:00-18:30,24242,23978,264
2018-06-29,09:00-18:30,24496,24275,221
2018-07-02,09:00-18:30,24227,24026,201
2018-07-03,09:00-18:30,24445,24257,188
2018-07-04,09:00-18:30,24252,24166,86
2018-07-05,09:00-18:30,24364,24156,208
2018-07-06,09:00-18:30,24507,24241,266
2018-07-09,09:00-18:30,24761,24542,219
2018-07-10,09:00-18:30,24937,24790,147
2018-07-11,09:00-18:30,24805,24647,158
2018-07-12,09:00-18:30,24913,24740,173
2018-07-13,09:00-18:30,25013,24869,144
2018-07-16,09:00-18:30,25082,24962,120
2018-07-17,09:00-18:30,25119,24971,148
2018-07-18,09:00-18:30,25197,25081,116
2018-07-19,09:00-18:30,25154,25034,120
2018-07-20,09:00-18:30,25110,24915,195
2018-07-23,09:00-18:30,25055,24964,91
2018-07-24,09:00-18:30,25268,25039,229
2018-07-25,09:00-18:30,25234,25088,146
2018-07-26,09:00-18:30,25568,25417,151
2018-07-27,09:00-18:30,25568,25463,105
2018-07-30,09:00-18:30,25475,25311,164
2018-07-31,09:00-18:30,25463,25272,191
2018-08-01,09:00-18:30,25458,25293,165
2018-08-02,09:00-18:30,25269,25087,182
2018-08-03,09:00-18:30,25386,25260,126
2018-08-06,09:00-18:30,25508,25346,162
2018-08-07,09:00-18:30,25661,25528,133
2018-08-08,09:00-18:30,25624,25519,105
2018-08-09,09:00-18:30,25603,25505,98
2018-08-10,09:00-18:30,25417,25257,160
2018-08-13,09:00-18:30,25371,25170,201
2018-08-14,09:00-18:30,25334,25192,142
2018-08-15,09:00-18:30,25287,24955,332
2018-08-16,09:00-18:30,25596,25243,353
2018-08-17,09:00-18:30,25671,25506,165
2018-08-20,09:00-18:30,25791,25708,83
2018-08-21,09:00-18:30,25875,25765,110
2018-08-22,09:00-18:30,25836,25732,104
2018-08-23,09:00-18:30,25767,25607,160
2018-08-24,09:00-18:30,25828,25695,133
2018-08-27,09:00-18:30,26082,25853,229
2018-08-28,09:00-18:30,26156,26052,104
2018-08-29,09:00-18:30,26185,26050,135
2018-08-30,09:00-18:30,26115,26010,105
2018-08-31,09:00-18:30,26049,25907,142
2018-09-03,09:00-18:30,26080,25969,111
2018-09-04,09:00-18:30,26069,25817,252
2018-09-05,09:00-18:30,25993,25841,152
2018-09-06,09:00-18:30,26100,25894,206
2018-09-07,09:00-18:30,26023,25853,170
2018-09-10,09:00-18:30,26061,25898,163
2018-09-11,09:00-18:30,26022,25764,258
2018-09-12,09:00-18:30,26164,25958,206
2018-09-13,09:00-18:30,26224,26031,193
2018-09-14,09:00-18:30,26261,26119,142
2018-09-17,09:00-18:30,26222,26122,100
2018-09-18,09:00-18:30,26277,26097,180
2018-09-19,09:00-18:30,26504,26265,239
2018-09-20,09:00-18:30,26702,26461,241
2018-09-21,09:00-18:30,26820,26712,108
2018-09-24,09:00-18:30,26739,26581,158
2018-09-25,09:00-18:30,26704,26543,161
2018-09-26,09:00-18:30,26583,26517,66
2018-09-27,09:00-18:30,26572,26357,215
2018-09-28,09:00-18:30,26521,26347,174
2018-10-01,09:00-18:30,26754,26620,134
2018-10-02,09:00-18:30,26806,26552,254
2018-10-03,09:00-18:30,26966,26831,135
2018-10-04,09:00-18:30,26808,26510,298
2018-10-05,09:00-18:30,26733,26362,371
2018-10-08,09:00-18:30,26475,26226,249
2018-10-09,09:00-18:30,26556,26337,219
2018-10-10,09:00-18:30,26498,26014,484
2018-10-11,09:00-18:30,25680,25174,506
2018-10-12,09:00-18:30,25528,25078,450
2018-10-15,09:00-18:30,25427,25111,316
2018-10-16,09:00-18:30,25614,25243,371
2018-10-17,09:00-18:30,25839,25461,378
2018-10-18,09:00-18:30,25718,25297,421
2018-10-19,09:00-18:30,25596,25367,229
2018-10-22,09:00-18:30,25566,25220,346
2018-10-23,09:00-18:30,25092,24750,342
2018-10-24,09:00-18:30,25338,24883,455
2018-10-25,09:00-18:30,24968,24613,355
2018-10-26,09:00-18:30,24776,24415,361
2018-10-29,09:00-18:30,25007,24659,348
2018-10-30,09:00-18:30,24722,24330,392
2018-10-31,09:00-18:30,25227,24933,294
2018-11-01,09:00-18:30,25327,25060,267
2018-11-02,09:00-18:30,25684,25171,513
2018-11-05,09:00-18:30,25400,25134,266
2018-11-06,09:00-18:30,25562,25365,197
2018-11-07,09:00-18:30,25949,25654,295
2018-11-08,09:00-18:30,26268,26075,193
2018-11-09,09:00-18:30,26138,25910,228
2018-11-12,09:00-18:30,26036,25503,533
2018-11-13,09:00-18:30,25566,25181,385
2018-11-14,09:00-18:30,25489,25101,388
2018-11-15,09:00-18:30,25203,24782,421
2018-11-16,09:00-18:30,25406,25096,310
2018-11-19,09:00-18:30,25492,24932,560
2018-11-20,09:00-18:30,24958,24406,552
2018-11-21,09:00-18:30,24651,24498,153
2018-11-22,09:00-18:30,24482,24288,194
2018-11-23,09:00-18:30,24422,24261,161
2018-11-26,09:00-18:30,24664,24447,217
2018-11-27,09:00-18:30,24657,24404,253
2018-11-28,09:00-18:30,25216,24764,452
2018-11-29,09:00-18:30,25359,25206,153
2018-11-30,09:00-18:30,25391,25223,168
2018-12-03,09:00-18:30,26086,25685,401
2018-12-04,09:00-18:30,25788,25313,475
2018-12-06,09:00-18:30,25190,24256,934
2018-12-07,09:00-18:30,25114,24517,597
2018-12-10,09:00-18:30,24502,23894,608
2018-12-11,09:00-18:30,24823,24318,505
2018-12-12,09:00-18:30,24794,24455,339
2018-12-13,09:00-18:30,24770,24501,269
2018-12-14,09:00-18:30,24459,24144,315
2018-12-17,09:00-18:30,24177,23802,375
2018-12-18,09:00-18:30,23949,23701,248
2018-12-19,09:00-18:30,24009,23680,329
2018-12-20,09:00-18:30,23415,22880,535
2018-12-21,09:00-18:30,23249,22706,543
2018-12-24,09:00-18:30,22568,21906,662
2018-12-26,09:00-18:30,22295,21671,624
2018-12-27,09:00-18:30,22771,22327,444
2018-12-28,09:00-18:30,23372,22962,410
2018-12-31,09:00-18:30,23305,23090,215
2019-01-02,09:00-18:30,23320,22786,534
2019-01-03,09:00-18:30,23123,22644,479
2019-01-04,09:00-18:30,23399,22826,573
2019-01-07,09:00-18:30,23612,23279,333
2019-01-08,09:00-18:30,23848,23544,304
2019-01-09,09:00-18:30,23962,23753,209
2019-01-10,09:00-18:30,23922,23640,282
2019-01-11,09:00-18:30,23994,23765,229
2019-01-14,09:00-18:30,23921,23696,225
2019-01-15,09:00-18:30,24073,23825,248
2019-01-16,09:00-18:30,24222,23993,229
2019-01-17,09:00-18:30,24180,24010,170
2019-01-18,09:00-18:30,24717,24377,340
2019-01-21,09:00-18:30,24617,24528,89
2019-01-22,09:00-18:30,24575,24351,224
2019-01-23,09:00-18:30,24673,24276,397
2019-01-24,09:00-18:30,24605,24425,180
2019-01-25,09:00-18:30,24830,24548,282
2019-01-28,09:00-18:30,24626,24284,342
2019-01-29,09:00-18:30,24638,24377,261
2019-01-30,09:00-18:30,24926,24566,360
2019-01-31,09:00-18:30,25015,24796,219
2019-02-01,09:00-18:30,25143,24946,197
2019-02-04,09:00-18:30,25046,24924,122
2019-02-05,09:00-18:30,25371,25162,209
2019-02-06,09:00-18:30,25387,25257,130
2019-02-07,09:00-18:30,25304,24970,334
2019-02-08,09:00-18:30,25091,24862,229
2019-02-11,09:00-18:30,25226,25011,215
2019-02-12,09:00-18:30,25383,25162,221
2019-02-13,09:00-18:30,25606,25435,171
2019-02-14,09:00-18:30,25609,25304,305
2019-02-15,09:00-18:30,25812,25290,522
2019-02-18,09:00-18:30,25918,25847,71
2019-02-19,09:00-18:30,25933,25789,144
2019-02-20,09:00-18:30,25934,25825,109
2019-02-21,09:00-18:30,26042,25813,229
2019-02-22,09:00-18:30,26044,25849,195
2019-02-25,09:00-18:30,26238,26088,150
2019-02-26,09:00-18:30,26115,25954,161
2019-02-27,09:00-18:30,26035,25872,163
2019-02-28,09:00-18:30,26028,25887,141
2019-03-01,09:00-18:30,26143,25909,234
2019-03-04,09:00-18:30,26158,25634,524
2019-03-05,09:00-18:30,25890,25721,169
2019-03-06,09:00-18:30,25832,25638,194
2019-03-07,09:00-18:30,25741,25371,370
2019-03-08,09:00-18:30,25445,25246,199
2019-03-11,09:00-18:30,25602,25251,351
2019-03-12,09:00-18:30,25773,25568,205
2019-03-13,09:00-18:30,25798,25512,286
2019-03-14,09:00-18:30,25829,25653,176
2019-03-15,09:00-18:30,25954,25678,276
2019-03-18,09:00-18:30,25918,25810,108
2019-03-19,09:00-18:30,26145,25981,164
2019-03-20,09:00-18:30,25967,25738,229
2019-03-21,09:00-18:30,26011,25608,403
2019-03-22,09:00-18:30,26001,25560,441
2019-03-25,09:00-18:30,25631,25391,240
2019-03-26,09:00-18:30,25822,25602,220
2019-03-27,09:00-18:30,25781,25441,340
2019-03-28,09:00-18:30,25762,25585,177
2019-03-29,09:00-18:30,25900,25744,156
2019-04-01,09:00-18:30,26206,26079,127
2019-04-02,09:00-18:30,26276,26126,150
2019-04-03,09:00-18:30,26302,26153,149
2019-04-04,09:00-18:30,26400,26196,204
2019-04-05,09:00-18:30,26509,26401,108
2019-04-08,09:00-18:30,26350,26248,102
2019-04-09,09:00-18:30,26346,26104,242
2019-04-10,09:00-18:30,26233,26107,126
2019-04-11,09:00-18:30,26229,26083,146
2019-04-12,09:00-18:30,26441,26163,278
2019-04-15,09:00-18:30,26476,26317,159
2019-04-16,09:00-18:30,26554,26396,158
2019-04-17,09:00-18:30,26518,26383,135
2019-04-18,09:00-18:30,26573,26311,262
2019-04-22,09:00-18:30,26550,26448,102
2019-04-23,09:00-18:30,26689,26486,203
2019-04-24,09:00-18:30,26694,26591,103
2019-04-25,09:00-18:30,26541,26292,249
2019-04-26,09:00-18:30,26486,26346,140
2019-04-29,09:00-18:30,26579,26484,95
2019-04-30,09:00-18:30,26642,26398,244
2019-05-01,09:00-18:30,26690,26576,114
2019-05-02,09:00-18:30,26461,26148,313
2019-05-03,09:00-18:30,26498,26284,214
2019-05-06,09:00-18:30,26303,25959,344
2019-05-07,09:00-18:30,26379,25943,436
2019-05-08,09:00-18:30,26056,25799,257
2019-05-09,09:00-18:30,25864,25500,364
2019-05-10,09:00-18:30,25865,25464,401
2019-05-13,09:00-18:30,25706,25272,434
2019-05-14,09:00-18:30,25656,25342,314
2019-05-15,09:00-18:30,25684,25326,358
2019-05-16,09:00-18:30,25955,25565,390
2019-05-17,09:00-18:30,25949,25628,321
2019-05-20,09:00-18:30,25870,25554,316
2019-05-21,09:00-18:30,25872,25711,161
2019-05-22,09:00-18:30,25891,25733,158
2019-05-23,09:00-18:30,25637,25354,283
2019-05-24,09:00-18:30,25664,25495,169
2019-05-27,09:00-18:30,25697,25608,89
2019-05-28,09:00-18:30,25717,25561,156
2019-05-29,09:00-18:30,25245,24937,308
2019-05-30,09:00-18:30,25218,25090,128
2019-05-31,09:00-18:30,24990,24848,142
2019-06-03,09:00-18:30,24938,24610,328
2019-06-04,09:00-18:30,25263,24857,406
2019-06-05,09:00-18:30,25524,25344,180
2019-06-06,09:00-18:30,25657,25523,134
2019-06-07,09:00-18:30,26085,25739,346
2019-06-10,09:00-18:30,26221,26057,164
2019-06-11,09:00-18:30,26261,26033,228
2019-06-12,09:00-18:30,26098,25961,137
2019-06-13,09:00-18:30,26156,25974,182
2019-06-14,09:00-18:30,26123,26008,115
2019-06-17,09:00-18:30,26185,26064,121
2019-06-18,09:00-18:30,26550,26074,476
2019-06-19,09:00-18:30,26562,26468,94
2019-06-20,09:00-18:30,26787,26548,239
2019-06-21,09:00-18:30,26922,26705,217
2019-06-24,09:00-18:30,26815,26730,85
2019-06-25,09:00-18:30,26787,26615,172
2019-06-26,09:00-18:30,26703,26549,154
2019-06-27,09:00-18:30,26665,26445,220
2019-06-28,09:00-18:30,26646,26521,125
2019-07-01,09:00-18:30,26896,26686,210
2019-07-02,09:00-18:30,26741,26630,111
2019-07-03,09:00-18:30,26939,26770,169
2019-07-04,09:00-18:30,26998,26939,59
2019-07-05,09:00-18:30,26984,26728,256
2019-07-08,09:00-18:30,26866,26742,124
2019-07-09,09:00-18:30,26734,26657,77
2019-07-10,09:00-18:30,26983,26688,295
2019-07-11,09:00-18:30,27064,26886,178
2019-07-12,09:00-18:30,27242,27127,115
2019-07-15,09:00-18:30,27397,27287,110
2019-07-16,09:00-18:30,27396,27280,116
2019-07-17,09:00-18:30,27377,27226,151
2019-07-18,09:00-18:30,27228,27057,171
2019-07-19,09:00-18:30,27336,27232,104
2019-07-22,09:00-18:30,27216,27078,138
2019-07-23,09:00-18:30,27290,27190,100
2019-07-24,09:00-18:30,27318,27175,143
2019-07-25,09:00-18:30,27349,27094,255
2019-07-26,09:00-18:30,27186,27102,84
2019-07-29,09:00-18:30,27255,27116,139
2019-07-30,09:00-18:30,27217,27042,175
2019-07-31,09:00-18:30,27252,27149,103
2019-08-01,09:00-18:30,27147,26782,365
2019-08-02,09:00-18:30,26663,26213,450
2019-08-05,09:00-18:30,26222,25787,435
2019-08-06,09:00-18:30,25897,25580,317
2019-08-07,09:00-18:30,26035,25392,643
2019-08-08,09:00-18:30,26291,25930,361
2019-08-09,09:00-18:30,26354,26074,280
2019-08-12,09:00-18:30,26353,25967,386
2019-08-13,09:00-18:30,26408,25750,658
2019-08-14,09:00-18:30,26291,25587,704
2019-08-15,09:00-18:30,25707,25226,481
2019-08-16,09:00-18:30,25913,25682,231
2019-08-19,09:00-18:30,26237,26081,156
2019-08-20,09:00-18:30,26180,26015,165
2019-08-21,09:00-18:30,26265,25994,271
2019-08-22,09:00-18:30,26375,26086,289
2019-08-23,09:00-18:30,26341,25739,602
2019-08-26,09:00-18:30,25986,25656,330
2019-08-27,09:00-18:30,26069,25794,275
2019-08-28,09:00-18:30,25983,25620,363
2019-08-29,09:00-18:30,26389,25965,424
2019-08-30,09:00-18:30,26559,26299,260
2019-09-02,09:00-18:30,26372,26111,261
2019-09-03,09:00-18:30,26265,25977,288
2019-09-04,09:00-18:30,26376,26251,125
2019-09-05,09:00-18:30,26844,26508,336
2019-09-06,09:00-18:30,26843,26713,130
2019-09-09,09:00-18:30,26913,26809,104
2019-09-10,09:00-18:30,26869,26717,152
2019-09-11,09:00-18:30,27024,26884,140
2019-09-12,09:00-18:30,27288,27097,191
2019-09-13,09:00-18:30,27312,27212,100
2019-09-16,09:00-18:30,27174,27036,138
2019-09-17,09:00-18:30,27090,26982,108
2019-09-18,09:00-18:30,27096,27021,75
2019-09-19,09:00-18:30,27262,26991,271
2019-09-20,09:00-18:30,27176,27093,83
2019-09-23,09:00-18:30,27032,26803,229
2019-09-24,09:00-18:30,27072,26785,287
2019-09-25,09:00-18:30,26974,26715,259
2019-09-26,09:00-18:30,27042,26782,260
2019-09-27,09:00-18:30,26992,26789,203
2019-09-30,09:00-18:30,26957,26804,153
2019-10-01,09:00-18:30,27040,26592,448
2019-10-02,09:00-18:30,26566,25988,578
2019-10-03,09:00-18:30,26106,25703,403
2019-10-04,09:00-18:30,26406,26060,346
2019-10-07,09:00-18:30,26562,26379,183
2019-10-08,09:00-18:30,26508,26092,416
2019-10-09,09:00-18:30,26400,26113,287
2019-10-10,09:00-18:30,26560,26181,379
2019-10-11,09:00-18:30,26969,26560,409
2019-10-14,09:00-18:30,26834,26637,197
2019-10-15,09:00-18:30,27079,26800,279
2019-10-16,09:00-18:30,27017,26890,127
2019-10-17,09:00-18:30,27088,26883,205
2019-10-18,09:00-18:30,27023,26759,264
2019-10-21,09:00-18:30,26837,26701,136
2019-10-22,09:00-18:30,26892,26751,141
2019-10-23,09:00-18:30,26852,26588,264
2019-10-24,09:00-18:30,26872,26655,217
2019-10-25,09:00-18:30,26967,26710,257
2019-10-28,09:00-18:30,27120,26942,178
2019-10-29,09:00-18:30,27111,26967,144
2019-10-30,09:00-18:30,27058,26940,118
2019-10-31,09:00-18:30,27176,26872,304
2019-11-01,09:00-18:30,27254,26999,255
2019-11-04,09:00-18:30,27450,27313,137
2019-11-05,09:00-18:30,27493,27384,109
2019-11-06,09:00-18:30,27470,27337,133
2019-11-07,09:00-18:30,27739,27542,197
2019-11-08,09:00-18:30,27701,27541,160
2019-11-11,09:00-18:30,27635,27470,165
2019-11-12,09:00-18:30,27732,27636,96
2019-11-13,09:00-18:30,27709,27524,185
2019-11-14,09:00-18:30,27772,27637,135
2019-11-15,09:00-18:30,27923,27799,124
2019-11-18,09:00-18:30,28047,27934,113
2019-11-19,09:00-18:30,28128,27851,277
2019-11-20,09:00-18:30,27870,27762,108
2019-11-21,09:00-18:30,27846,27683,163
2019-11-22,09:00-18:30,27845,27745,100
2019-11-25,09:00-18:30,28004,27918,86
2019-11-26,09:00-18:30,28104,27999,105
2019-11-27,09:00-18:30,28173,28058,115
2019-11-28,09:00-18:30,28120,28045,75
2019-11-29,09:00-18:30,28114,28042,72
2019-12-02,09:00-18:30,28197,27787,410
2019-12-03,09:00-18:30,27838,27312,526
2019-12-04,09:00-18:30,27727,27397,330
2019-12-05,09:00-18:30,27773,27558,215
2019-12-06,09:00-18:30,28021,27696,325
2019-12-09,09:00-18:30,28023,27942,81
2019-12-10,09:00-18:30,27959,27726,233
2019-12-11,09:00-18:30,27981,27804,177
2019-12-12,09:00-18:30,28225,27853,372
2019-12-13,09:00-18:30,28307,28041,266
2019-12-16,09:00-18:30,28350,28165,185
2019-12-17,09:00-18:30,28339,28181,158
2019-12-18,09:00-18:30,28335,28258,77
2019-12-19,09:00-18:30,28395,28257,138
2019-12-20,09:00-18:30,28526,28386,140
2019-12-23,09:00-18:30,28583,28480,103
2019-12-24,09:00-18:30,28588,28499,89
2019-12-26,09:00-18:30,28584,28522,62
2019-12-27,09:00-18:30,28721,28604,117
2019-12-30,09:00-18:30,28660,28403,257
2019-12-31,09:00-18:30,28485,28341,144
2020-01-02,09:00-18:30,28718,28592,126
2020-01-03,09:00-18:30,28685,28431,254
2020-01-06,09:00-18:30,28568,28351,217
2020-01-07,09:00-18:30,28739,28529,210
2020-01-08,09:00-18:30,28778,28399,379
2020-01-09,09:00-18:30,28953,28809,144
2020-01-10,09:00-18:30,29009,28797,212
2020-01-13,09:00-18:30,28907,28778,129
2020-01-14,09:00-18:30,28995,28737,258
2020-01-15,09:00-18:30,29090,28846,244
2020-01-16,09:00-18:30,29174,29076,98
2020-01-17,09:00-18:30,29362,29253,109
2020-01-20,09:00-18:30,29299,29229,70
2020-01-21,09:00-18:30,29299,29147,152
2020-01-22,09:00-18:30,29287,29123,164
2020-01-23,09:00-18:30,29139,28924,215
2020-01-24,09:00-18:30,29241,28914,327
2020-01-27,09:00-18:30,28694,28405,289
2020-01-28,09:00-18:30,28751,28506,245
2020-01-29,09:00-18:30,28888,28677,211
2020-01-30,09:00-18:30,28680,28434,246
2020-01-31,09:00-18:30,28756,28315,441
2020-02-03,09:00-18:30,28573,28252,321
2020-02-04,09:00-18:30,28845,28550,295
2020-02-05,09:00-18:30,29122,28712,410
2020-02-06,09:00-18:30,29445,29186,259
2020-02-07,09:00-18:30,29312,29087,225
2020-02-10,09:00-18:30,29182,28931,251
2020-02-11,09:00-18:30,29395,29210,185
2020-02-12,09:00-18:30,29490,29289,201
2020-02-13,09:00-18:30,29503,29245,258
2020-02-14,09:00-18:30,29486,29348,138
2020-02-17,09:00-18:30,29468,29415,53
2020-02-18,09:00-18:30,29316,29100,216
2020-02-19,09:00-18:30,29388,29253,135
2020-02-20,09:00-18:30,29364,28931,433
2020-02-21,09:00-18:30,29119,28871,248
2020-02-24,09:00-18:30,28510,27968,542
2020-02-25,09:00-18:30,28208,27540,668
2020-02-26,09:00-18:30,27519,26692,827
2020-02-27,09:00-18:30,26859,25979,880
2020-02-28,09:00-18:30,25514,24675,839
2020-03-02,09:00-18:30,26186,25007,1179
2020-03-03,09:00-18:30,27059,26069,990
2020-03-04,09:00-18:30,26622,26197,425
2020-03-05,09:00-18:30,26760,26225,535
2020-03-06,09:00-18:30,25931,25193,738
2020-03-09,09:00-18:30,24654,23549,1105
2020-03-10,09:00-18:30,25001,23646,1355
2020-03-11,09:00-18:30,24631,23843,788
2020-03-12,09:00-18:30,22507,21083,1424
2020-03-13,09:00-18:30,22385,21107,1278
2020-03-17,09:00-18:30,21248,19736,1512
2020-03-18,09:00-18:30,20358,19592,766
2020-03-19,09:00-18:30,20280,19044,1236
2020-03-20,09:00-18:30,20882,19584,1298
2020-03-23,09:00-18:30,19804,18101,1703
2020-03-24,09:00-18:30,20251,19166,1085
2020-03-25,09:00-18:30,21463,20358,1105
2020-03-26,09:00-18:30,22278,20510,1768
2020-03-27,09:00-18:30,22180,21316,864
2020-03-30,09:00-18:30,22013,21153,860
2020-03-31,09:00-18:30,22386,21864,522
2020-04-01,09:00-18:30,21342,20852,490
2020-04-02,09:00-18:30,21355,20500,855
2020-04-03,09:00-18:30,21331,20805,526
2020-04-06,09:00-18:30,22154,21634,520
2020-04-07,09:00-18:30,23477,22826,651
2020-04-08,09:00-18:30,23152,22368,784
2020-04-09,09:00-18:30,23873,23020,853
2020-04-13,09:00-18:30,23609,22968,641
2020-04-14,09:00-18:30,23922,23534,388
2020-04-15,09:00-18:30,23762,23103,659
2020-04-16,09:00-18:30,23637,23086,551
2020-04-17,09:00-18:30,24227,23701,526
2020-04-20,09:00-18:30,24072,23602,470
2020-04-21,09:00-18:30,23433,22814,619
2020-04-22,09:00-18:30,23387,23066,321
2020-04-23,09:00-18:30,23772,23254,518
2020-04-24,09:00-18:30,23604,23244,360
2020-04-27,09:00-18:30,23988,23725,263
2020-04-28,09:00-18:30,24435,23920,515
2020-04-29,09:00-18:30,24572,24139,433
2020-04-30,09:00-18:30,24713,24100,613
2020-05-01,09:00-18:30,23918,23616,302
2020-05-04,09:00-18:30,23516,23248,268
2020-05-05,09:00-18:30,24057,23655,402
2020-05-06,09:00-18:30,23995,23654,341
2020-05-07,09:00-18:30,23999,23655,344
2020-05-08,09:00-18:30,24176,24010,166
2020-05-11,09:00-18:30,24424,23973,451
2020-05-12,09:00-18:30,24293,23961,332
2020-05-13,09:00-18:30,23780,23076,704
2020-05-14,09:00-18:30,23217,22704,513
2020-05-15,09:00-18:30,23677,23241,436
2020-05-18,09:00-18:30,24483,23818,665
2020-05-19,09:00-18:30,24737,24307,430
2020-05-20,09:00-18:30,24583,24240,343
2020-05-21,09:00-18:30,24660,24300,360
2020-05-22,09:00-18:30,24446,24101,345
2020-05-25,09:00-18:30,24734,24488,246
2020-05-26,09:00-18:30,25096,24874,222
2020-05-27,09:00-18:30,25393,24956,437
2020-05-28,09:00-18:30,25787,25472,315
2020-05-29,09:00-18:30,25400,25088,312
2020-06-01,09:00-18:30,25519,25191,328
2020-06-02,09:00-18:30,25684,25374,310
2020-06-03,09:00-18:30,26187,25811,376
2020-06-04,09:00-18:30,26368,26056,312
2020-06-05,09:00-18:30,27325,26482,843
2020-06-08,09:00-18:30,27411,27031,380
2020-06-09,09:00-18:30,27548,27126,422
2020-06-10,09:00-18:30,27439,26929,510
2020-06-11,09:00-18:30,26370,25426,944
2020-06-12,09:00-18:30,25816,25031,785
2020-06-15,09:00-18:30,25377,24480,897
2020-06-16,09:00-18:30,26658,25660,998
2020-06-17,09:00-18:30,26494,25991,503
2020-06-18,09:00-18:30,26148,25703,445
2020-06-19,09:00-18:30,26320,25700,620
2020-06-22,09:00-18:30,25874,25534,340
2020-06-23,09:00-18:30,26294,25927,367
2020-06-24,09:00-18:30,26088,25159,929
2020-06-25,09:00-18:30,25455,25003,452
2020-06-26,09:00-18:30,25622,24918,704
2020-06-29,09:00-18:30,25351,24908,443
2020-06-30,09:00-18:30,25574,25301,273
2020-07-01,09:00-18:30,25893,25381,512
2020-07-02,09:00-18:30,26088,25670,418
2020-07-03,09:00-18:30,25861,25438,423
2020-07-06,09:00-18:30,26197,25954,243
2020-07-07,09:00-18:30,26052,25841,211
2020-07-08,09:00-18:30,25984,25669,315
2020-07-09,09:00-18:30,25990,25397,593
2020-07-10,09:00-18:30,25840,25313,527
2020-07-13,09:00-18:30,26406,26024,382
2020-07-14,09:00-18:30,26310,25874,436
2020-07-15,09:00-18:30,27063,26571,492
2020-07-16,09:00-18:30,26763,26501,262
2020-07-17,09:00-18:30,26724,26502,222
2020-07-20,09:00-18:30,26591,26330,261
2020-07-21,09:00-18:30,26925,26721,204
2020-07-22,09:00-18:30,26844,26526,318
2020-07-23,09:00-18:30,27057,26718,339
2020-07-24,09:00-18:30,26535,26290,245
2020-07-27,09:00-18:30,26523,26320,203
2020-07-28,09:00-18:30,26532,26275,257
2020-07-29,09:00-18:30,26376,26268,108
2020-07-30,09:00-18:30,26348,25881,467
2020-07-31,09:00-18:30,26338,25963,375
2020-08-03,09:00-18:30,26603,26197,406
2020-08-04,09:00-18:30,26704,26439,265
2020-08-05,09:00-18:30,27087,26823,264
2020-08-06,09:00-18:30,27193,26924,269
2020-08-07,09:00-18:30,27318,27105,213
2020-08-10,09:00-18:30,27640,27367,273
2020-08-11,09:00-18:30,28069,27766,303
2020-08-12,09:00-18:30,27929,27773,156
2020-08-13,09:00-18:30,27907,27780,127
2020-08-14,09:00-18:30,27890,27592,298
2020-08-17,09:00-18:30,27927,27736,191
2020-08-18,09:00-18:30,27904,27596,308
2020-08-19,09:00-18:30,27855,27668,187
2020-08-20,09:00-18:30,27665,27439,226
2020-08-21,09:00-18:30,27789,27473,316
2020-08-24,09:00-18:30,28182,27988,194
2020-08-25,09:00-18:30,28480,28042,438
2020-08-26,09:00-18:30,28228,28095,133
2020-08-27,09:00-18:30,28590,28181,409
2020-08-28,09:00-18:30,28643,28442,201
2020-08-31,09:00-18:30,28724,28333,391
2020-09-01,09:00-18:30,28540,28257,283
2020-09-02,09:00-18:30,28909,28703,206
2020-09-03,09:00-18:30,29180,28269,911
2020-09-04,09:00-18:30,28592,27643,949
2020-09-07,09:00-18:30,28306,27988,318
2020-09-08,09:00-18:30,28354,27473,881
2020-09-09,09:00-18:30,28037,27465,572
2020-09-10,09:00-18:30,28033,27653,380
2020-09-11,09:00-18:30,27709,27440,269
2020-09-14,09:00-18:30,27950,27688,262
2020-09-15,09:00-18:30,28128,27920,208
2020-09-16,09:00-18:30,28112,27904,208
2020-09-17,09:00-18:30,27943,27496,447
2020-09-18,09:00-18:30,27858,27620,238
2020-09-21,09:00-18:30,27486,26584,902
2020-09-22,09:00-18:30,27152,26858,294
2020-09-23,09:00-18:30,27392,27003,389
2020-09-24,09:00-18:30,26818,26407,411
2020-09-25,09:00-18:30,26827,26424,403
2020-09-28,09:00-18:30,27575,27207,368
2020-09-29,09:00-18:30,27507,27213,294
2020-09-30,09:00-18:30,27839,27091,748
2020-10-01,09:00-18:30,27962,27631,331
2020-10-02,09:00-18:30,27727,27193,534
2020-10-05,09:00-18:30,27964,27660,304
2020-10-06,09:00-18:30,28166,27914,252
2020-10-07,09:00-18:30,28124,27819,305
2020-10-08,09:00-18:30,28452,28151,301
2020-10-09,09:00-18:30,28565,28324,241
2020-10-12,09:00-18:30,28794,28475,319
2020-10-13,09:00-18:30,28728,28572,156
2020-10-14,09:00-18:30,28726,28346,380
2020-10-15,09:00-18:30,28340,28025,315
2020-10-16,09:00-18:30,28732,28332,400
2020-10-19,09:00-18:30,28669,28355,314
2020-10-20,09:00-18:30,28346,28129,217
2020-10-21,09:00-18:30,28342,28086,256
2020-10-22,09:00-18:30,28182,27925,257
